35 0.198674536196
3229 0.127399155326
4330 0.096030240839
6213 0.076658474772
1365 0.075714758792
887 0.053547241374
3231 0.052062670753
1272 0.045371657867
6214 0.045123964116
910 0.043185576523
1481 0.042346523809
1050679 0.035147219351
3191 0.028153598461
189577 0.026111533150
24966 0.025474131218
4584 0.024984416678
137868 0.024000754407
1103960 0.023329299623
10796 0.023153926895
299197 0.022596453739
39890 0.022382639124
46431 0.021921953232
13960 0.021122685178
2440 0.020778620697
444191 0.019516755526
2665 0.019490268594
35797 0.018973105718
198653 0.018949981045
19621 0.018084987004
6334 0.018013962541
12182 0.017626582246
20193 0.017086327712
16008 0.016778938018
6184 0.016702762231
16485 0.016596886652
1131277 0.016498733556
22563 0.016295040241
1108834 0.016004195038
23738 0.015976720379
114 0.015850775077
6913 0.015772482075
8703 0.015475041410
1109199 0.014749678393
1125386 0.014634367540
714748 0.014578049901
38537 0.014512978913
168410 0.014455733682
137873 0.014194967040
4804 0.014016121982
31353 0.014002887858
286500 0.013833268351
1132968 0.013820753451
35922 0.013344608157
1113934 0.013145909736
97892 0.013052189743
28957 0.012989225880
8224 0.012985976883
65074 0.012891881444
755217 0.012725343990
646286 0.012656503535
1114352 0.012611547705
200480 0.012550174347
32083 0.012415471323
642827 0.012414170110
13686 0.012232055828
17476 0.012150746382
1116347 0.012025137388
18777 0.011888314271
1154068 0.011864152226
1120431 0.011812109864
10798 0.011691847621
1956 0.011666344673
10169 0.011560378328
6209 0.011431079532
16819 0.011422433704
1120563 0.011340842065
2654 0.011023841198
2653 0.010815030688
94713 0.010809193236
15429 0.010781661426
12350 0.010731650102
1152896 0.010648585353
9708 0.010507778867
1997 0.010391441046
1106370 0.010146674469
202639 0.009829210748
189571 0.009783800798
3243 0.009783165180
1130539 0.009557407373
6910 0.009546467175
6767 0.009489664581
1103737 0.009405236535
3233 0.009403550155
38722 0.009256087020
345340 0.009237359204
12576 0.009232361292
1154232 0.009198362066
129897 0.009098570911
1106172 0.009034828459
328370 0.008948809486
1130600 0.008901931359
608326 0.008765638263
3218 0.008716040317
1108167 0.008713823090
1126044 0.008658787962
1119295 0.008658149796
631052 0.008646629986
1131611 0.008618143109
1123087 0.008581013578
3220 0.008549240000
1153003 0.008422671225
353541 0.008393514708
5966 0.008243706807
25702 0.008155111863
90888 0.008127531103
1108329 0.008082405018
1153891 0.008039224270
1120049 0.007974406224
1153262 0.007908545967
1110438 0.007897377680
1112911 0.007794517669
39127 0.007624550425
133563 0.007555636288
34257 0.007551863395
417017 0.007543881767
28456 0.007542918743
35061 0.007528589804
30895 0.007504032549
1132418 0.007500611238
1128839 0.007468850810
1118764 0.007441389388
949217 0.007413003899
395725 0.007361415338
17208 0.007356695656
576257 0.007322410757
126927 0.007263970843
1113438 0.007246343632
1153933 0.007225132121
1108267 0.007202796812
714256 0.007145334107
6741 0.007125180554
1120962 0.007014257366
210871 0.006881526931
46491 0.006756949601
646195 0.006756355010
48555 0.006734203924
35490 0.006726842302
67415 0.006704932573
144408 0.006688411977
54129 0.006601124029
4335 0.006591792355
390889 0.006576228135
126912 0.006562890616
396412 0.006513374546
79809 0.006512883682
15889 0.006423102797
424540 0.006416257869
3112 0.006413755103
1117184 0.006311236209
1123756 0.006289598551
976284 0.006270521540
2696 0.006246109989
1104449 0.006131054692
77438 0.006115256331
1116268 0.006099733451
15984 0.006083410606
20924 0.006078190173
643221 0.005993483246
25772 0.005970651070
103543 0.005952934171
103537 0.005946506885
1102550 0.005910815528
936 0.005831579816
5348 0.005745479666
77758 0.005738024396
1111304 0.005711436806
54131 0.005698081463
1153943 0.005592039366
95589 0.005563323877
10183 0.005558543999
11342 0.005532918705
1959 0.005496329419
229635 0.005492124052
110164 0.005491186080
1129683 0.005459408131
179702 0.005459006802
108047 0.005446243609
39124 0.005423196932
948299 0.005420840637
1131267 0.005335167708
130 0.005319913509
154982 0.005285237439
64271 0.005283249611
5600 0.005270398235
37483 0.005261690889
4329 0.005247302254
714975 0.005228759903
1153148 0.005207244286
10177 0.005201723860
82920 0.005135945474
29492 0.005126652253
1123576 0.005111034515
195792 0.005104431689
1135750 0.005063854503
1113995 0.005036274333
595056 0.005022344952
1110947 0.005010579822
23507 0.005009689781
104840 0.005007664694
1153853 0.004928531628
1131236 0.004914471927
13212 0.004904812499
96335 0.004849415519
2354 0.004844799934
212930 0.004843264662
1112929 0.004824790213
1121569 0.004824070305
1135125 0.004821149388
36140 0.004816495935
240791 0.004786667371
12638 0.004784584647
976334 0.004766385933
40151 0.004761503212
1110998 0.004758910760
205196 0.004748945399
1108551 0.004737188463
1111899 0.004710944096
1136397 0.004680544652
77826 0.004646558427
13658 0.004618327838
593210 0.004588660552
1114864 0.004569965990
1119140 0.004546266653
1105932 0.004530897480
171954 0.004520895348
642894 0.004460751847
118436 0.004448177536
65650 0.004447034026
424 0.004429983218
70444 0.004429203896
31489 0.004422958295
89547 0.004416726944
1131300 0.004405375350
170338 0.004397499429
66751 0.004382031092
38205 0.004365842777
1110426 0.004360495013
190697 0.004350134440
1108050 0.004336027391
212777 0.004320723287
5062 0.004310170124
66990 0.004295930334
27895 0.004295827785
18582 0.004283955699
30901 0.004255977047
162664 0.004246714876
644093 0.004241326100
6923 0.004240477239
261040 0.004236475495
49482 0.004230564977
27510 0.004171732836
181782 0.004156875791
30817 0.004127724799
3084 0.004090914590
510718 0.004089257925
1105531 0.004072558966
153063 0.004054101158
636098 0.004042916117
594649 0.004039016165
1128868 0.004029032288
1129208 0.004016017006
4649 0.004012872875
103482 0.004012866787
16471 0.003995582959
1152150 0.003988482970
1140543 0.003982804080
1130915 0.003949945904
1129994 0.003946466359
8079 0.003908004692
1114502 0.003901209479
164 0.003881275951
6318 0.003860906114
13885 0.003839465215
28447 0.003825309553
340075 0.003815839880
36802 0.003795871297
33818 0.003789709635
561809 0.003781564917
411005 0.003780535120
1117920 0.003776900616
5038 0.003752465418
1717 0.003747664420
18615 0.003738082621
1114526 0.003736955524
33013 0.003724597107
1129608 0.003723580977
1000012 0.003715791117
88356 0.003703490777
254923 0.003703116574
444240 0.003701234543
1109891 0.003698627500
1123188 0.003696008679
6814 0.003693404778
39126 0.003691259677
237521 0.003675063869
1106287 0.003662622254
12330 0.003655319970
1106388 0.003641930853
5055 0.003629146675
33303 0.003612474839
1107067 0.003597623037
6818 0.003595796852
578780 0.003590003095
194609 0.003588987288
167656 0.003553595402
3222 0.003540964668
141171 0.003539453570
1103676 0.003530230895
463825 0.003527015437
45189 0.003524474038
84021 0.003524421546
1120444 0.003511313830
51834 0.003510221113
17798 0.003499703473
1154233 0.003497541982
20528 0.003487229358
427606 0.003474803994
1153183 0.003468236203
1120858 0.003450946868
41714 0.003439647042
1103315 0.003426567740
1106418 0.003420884514
117 0.003417396435
12195 0.003389990887
82087 0.003345657514
22229 0.003342953566
219446 0.003342100239
133550 0.003341079064
192734 0.003340371197
1135746 0.003339519362
1107010 0.003335293307
633721 0.003331835019
573553 0.003331481672
1129573 0.003310418981
73327 0.003305690322
134316 0.003300982652
23116 0.003298220864
1128985 0.003286306068
101263 0.003282360252
1110256 0.003273251469
1152143 0.003272339754
85688 0.003269617194
4660 0.003254405639
1112426 0.003240217614
1114777 0.003213605236
1126029 0.003212639437
682815 0.003211609567
152219 0.003208944762
8872 0.003187635869
93320 0.003182092273
1127851 0.003171794711
187354 0.003169920179
1153897 0.003158813403
101145 0.003134411647
1105344 0.003125643263
27535 0.003123407506
86840 0.003121767009
1125469 0.003120667717
103515 0.003113762432
231198 0.003092100216
15076 0.003085937815
6925 0.003080385997
5086 0.003073689991
6935 0.003067071313
33412 0.003057931250
1122425 0.003052646047
1123530 0.003047787073
1104055 0.003044503090
1123689 0.003042786858
636511 0.003038681031
61069 0.003021732300
28230 0.003014612824
51049 0.003002916449
63486 0.002994394305
1111240 0.002992557975
459216 0.002990009959
1132461 0.002973786866
45605 0.002969971093
264347 0.002969233374
1102625 0.002968258867
19231 0.002953324660
189574 0.002950526677
23258 0.002946364657
1133196 0.002928825797
22875 0.002928335285
20601 0.002926320797
1114442 0.002907924211
590022 0.002907919423
1109439 0.002895556739
447250 0.002893667226
57119 0.002883476192
1113459 0.002877025968
1106568 0.002875137308
48550 0.002870540517
950305 0.002869022880
70441 0.002862142386
16451 0.002861692249
642621 0.002860422365
5064 0.002857670941
8875 0.002851143453
3828 0.002849062043
73146 0.002846176608
411092 0.002840969879
25805 0.002814690180
323128 0.002804613043
294030 0.002803667455
73162 0.002784495421
1026 0.002778442468
240321 0.002774216704
1153577 0.002773859246
10531 0.002772631417
12439 0.002767478070
14807 0.002765793200
989397 0.002761935705
7419 0.002758201052
300806 0.002756363622
593105 0.002750320154
642681 0.002741092827
175256 0.002726001256
686061 0.002687073693
708945 0.002679005532
1107567 0.002677694640
52515 0.002666509402
78511 0.002660651566
131117 0.002658287082
64519 0.002651603228
124952 0.002644147357
68495 0.002642758064
230879 0.002638110787
1105764 0.002632167106
1128974 0.002628493296
12946 0.002626346313
74427 0.002619618848
3101 0.002607117479
75969 0.002601208744
28287 0.002593296691
54132 0.002580942466
1106630 0.002579376409
66782 0.002578604671
1152564 0.002578345395
340299 0.002575301056
27627 0.002570361158
89416 0.002568232352
1127812 0.002566503756
1109581 0.002563217847
1129778 0.002553140798
1127558 0.002545206632
38829 0.002540522170
1131258 0.002533389714
1134320 0.002533051334
66794 0.002529287155
906 0.002523860660
1152740 0.002511825116
84459 0.002505343924
1131360 0.002500431350
644448 0.002488277010
523010 0.002485774003
1120643 0.002471755050
3240 0.002470758141
83847 0.002470568872
1152244 0.002467846007
1107572 0.002457578589
1102761 0.002456235735
85352 0.002454661461
12247 0.002446030419
390922 0.002441099302
1114388 0.002437178798
145176 0.002434048214
284025 0.002429197427
47684 0.002419286134
1113739 0.002418719059
6125 0.002412745688
1955 0.002410742832
22386 0.002403047961
1104007 0.002398363482
62329 0.002396887265
1116397 0.002396645057
22876 0.002377098671
33231 0.002372781707
28254 0.002372491370
27623 0.002370731514
1135137 0.002369358236
3187 0.002366257833
1104379 0.002362794160
1153728 0.002361232103
1118245 0.002344140353
390896 0.002340466392
27250 0.002333559779
123825 0.002330277972
8581 0.002325054390
1107171 0.002320499761
7047 0.002313115688
94641 0.002310891648
68463 0.002289630544
1125393 0.002286526756
31043 0.002284242111
75983 0.002279927537
348437 0.002278018926
48766 0.002276329334
3223 0.002274706881
1106112 0.002272948915
12631 0.002257640905
1152277 0.002252037840
1152673 0.002252037840
1154251 0.002252037840
739707 0.002243779028
1125092 0.002242648358
37541 0.002242156596
20593 0.002240039300
593921 0.002230961669
358894 0.002226724497
1135108 0.002220697892
782486 0.002214817052
35778 0.002208301075
1135082 0.002205969401
65653 0.002200637244
1131116 0.002196268206
27203 0.002183033476
8821 0.002182811552
1130927 0.002179086347
1130931 0.002179086347
1105505 0.002172690749
6343 0.002163667015
69198 0.002161731527
66805 0.002157401556
144701 0.002147643279
11339 0.002140241726
12197 0.002139670860
1118332 0.002136216224
27631 0.002134000460
227178 0.002133324081
94229 0.002118072794
28641 0.002114488036
1123068 0.002105163110
249421 0.002101611672
1152194 0.002096853383
1104851 0.002096605233
1109392 0.002095971906
1107861 0.002070234786
1108728 0.002066217870
801170 0.002062739241
509379 0.002059802689
1119471 0.002055215458
1152162 0.002054714800
1152272 0.002054714800
1152904 0.002054714800
100197 0.002048773557
1153160 0.002042600832
503883 0.002035097229
307336 0.002033164545
82090 0.002031295043
1106492 0.002029872080
1115701 0.002025925137
197054 0.002024156470
86359 0.002017198617
1114331 0.002014769014
148399 0.002008840564
7032 0.002007883558
23070 0.002004352498
14529 0.001996922412
1115291 0.001996632456
35905 0.001993849485
1115456 0.001989760307
911198 0.001985068347
647408 0.001980085384
300071 0.001979587706
101143 0.001976900852
75121 0.001973487592
1110515 0.001967903139
1128935 0.001963529306
20584 0.001961767590
1125992 0.001960606451
20534 0.001950241106
107252 0.001946814730
1105450 0.001942607450
1952 0.001939647765
1113742 0.001939398157
16437 0.001938324714
127033 0.001935835704
578645 0.001935720259
35343 0.001935160981
91853 0.001935111681
1131647 0.001934114996
1131748 0.001934114996
1154169 0.001934114996
949511 0.001934114996
1115790 0.001928196104
162080 0.001925969490
1129572 0.001922690652
87417 0.001921737490
39131 0.001921443968
67584 0.001920167554
93555 0.001920069154
20602 0.001915905439
219239 0.001915594699
429781 0.001915093859
350362 0.001910546250
1122642 0.001906447684
642847 0.001902484162
310742 0.001890847436
189566 0.001886836336
6238 0.001880646136
1129367 0.001879827040
579008 0.001874496062
593942 0.001867353713
1153811 0.001867116308
1116594 0.001864901031
227286 0.001855523574
17201 0.001841793276
1121867 0.001841575770
10435 0.001839522126
120084 0.001830010185
91975 0.001826304070
1114512 0.001819387465
56167 0.001818972353
1131149 0.001810947169
205192 0.001802883702
207395 0.001793523957
18619 0.001785367232
1117786 0.001769459027
1131471 0.001766457730
308232 0.001762344663
601567 0.001757234721
1131270 0.001756494437
66563 0.001753367525
1128453 0.001742335896
714289 0.001730720752
1128425 0.001725308690
49811 0.001722933147
645084 0.001721622319
141160 0.001714527216
6169 0.001713792831
284414 0.001711244403
1130634 0.001710697129
34708 0.001709621835
160705 0.001709575713
45188 0.001704263227
134307 0.001703061411
1104647 0.001699527680
11335 0.001696930385
13717 0.001694790764
1130567 0.001694612296
641976 0.001692986148
18815 0.001690851558
3232 0.001689377875
116790 0.001689007570
1128227 0.001685516032
340078 0.001678617089
753265 0.001678291254
33904 0.001670130067
277263 0.001667218568
28504 0.001660211000
197452 0.001654218663
948147 0.001653247828
1110209 0.001650024896
1688 0.001648796434
1131137 0.001640949236
47682 0.001637880756
246618 0.001632689053
6917 0.001624167878
137359 0.001623037694
1112723 0.001621545705
16476 0.001613748310
7532 0.001613597843
593104 0.001608118949
627024 0.001604547642
36145 0.001601166465
1127566 0.001600378532
27531 0.001598386906
131318 0.001596376302
217852 0.001595360578
1129015 0.001594712762
562067 0.001586453887
8865 0.001582979248
1123926 0.001579102461
136766 0.001571217159
7297 0.001568099420
105057 0.001566827988
182094 0.001562705739
1153101 0.001562639479
1153150 0.001562639479
6163 0.001560432277
1121057 0.001558095811
20920 0.001548190358
106590 0.001544963733
1110000 0.001543103933
193931 0.001541160264
129558 0.001535893587
12165 0.001534301704
1106052 0.001526052260
63812 0.001522532498
12337 0.001519495511
1128204 0.001517799657
1385 0.001516298956
1107355 0.001516298956
1949 0.001507644727
1125895 0.001505072038
1152633 0.001500526430
1113831 0.001486878058
5075 0.001484191105
87915 0.001480153331
1112099 0.001478395556
1104787 0.001476783391
39165 0.001465584722
2658 0.001462855083
1152290 0.001462550033
1120169 0.001462550033
141342 0.001462520124
671269 0.001457247189
1107215 0.001448283022
573978 0.001443197413
91581 0.001442803380
1103979 0.001438564473
1108169 0.001438492981
85299 0.001438294572
594543 0.001434203706
6196 0.001430326157
1112319 0.001427825713
684372 0.001427707194
112378 0.001426766011
1117348 0.001424605763
1786 0.001422304191
1237 0.001417607092
95586 0.001414519383
1120020 0.001412171187
682666 0.001403848941
1155073 0.001403200536
753047 0.001402685832
61417 0.001399872195
154134 0.001397473214
1110531 0.001396709605
372862 0.001395591544
37888 0.001383707644
1103038 0.001371015163
70970 0.001370058461
12198 0.001364045715
8213 0.001361568862
9586 0.001360321399
1119751 0.001360128439
95579 0.001350291096
74975 0.001349070640
6378 0.001347647264
36620 0.001347342962
44017 0.001342317519
50337 0.001340741572
33895 0.001339856759
285675 0.001337530371
194617 0.001337529855
32276 0.001335705735
194223 0.001332382082
102406 0.001325045190
1103162 0.001320630566
103531 0.001320628707
643597 0.001318047577
1114992 0.001312662480
941 0.001308492483
1119987 0.001307810982
1153922 0.001300948798
1102751 0.001298964563
1105672 0.001289220325
714879 0.001285716282
52784 0.001282860284
33325 0.001282025270
161221 0.001278001949
696346 0.001277635915
1112686 0.001276957762
395547 0.001274600903
51180 0.001273404713
96845 0.001273078246
1120731 0.001272301451
40 0.001269983025
28385 0.001269103238
1130678 0.001267688736
695284 0.001267415703
1126037 0.001266794034
28350 0.001258608313
42156 0.001255516048
58758 0.001254401166
214472 0.001254037123
601462 0.001254037123
1103610 0.001253764091
120817 0.001253764091
1112767 0.001253764091
1138043 0.001253764091
11325 0.001250922175
62274 0.001249282377
1106103 0.001247757261
593240 0.001243985441
575402 0.001243955469
1131274 0.001240385511
126793 0.001234103494
560936 0.001232862913
1110390 0.001229642078
1135894 0.001228729498
1121254 0.001227322300
57948 0.001225971965
589923 0.001225441953
251756 0.001221697062
575077 0.001216349790
178209 0.001215790591
12210 0.001210256219
23448 0.001204340212
6130 0.001203870288
25184 0.001201833345
1120777 0.001201444491
35863 0.001197487992
1106406 0.001191903486
592993 0.001189073826
763009 0.001187608960
248425 0.001185144988
1128314 0.001184856693
105856 0.001183703381
1131728 0.001183479284
1117653 0.001181209363
56709 0.001178102555
33907 0.001176300721
3932 0.001170545308
149669 0.001155943445
1139928 0.001155476307
105899 0.001153831580
63915 0.001152047566
1131634 0.001147136697
1138968 0.001144639433
34961 0.001144470238
5959 0.001143083976
173884 0.001140182696
1127913 0.001130894696
645897 0.001129694622
197783 0.001126000234
3085 0.001123823613
263279 0.001122188550
428610 0.001122121370
18781 0.001117971965
1131565 0.001117831729
1128407 0.001117122913
37884 0.001114837409
1104300 0.001113903321
36162 0.001113389919
110163 0.001112520365
24974 0.001099872185
1104258 0.001099117719
83725 0.001093784311
436796 0.001092470495
3097 0.001090802766
208345 0.001090111909
27543 0.001086736199
15987 0.001086081478
14531 0.001084088342
315266 0.001075058868
358866 0.001071503006
1116410 0.001069563885
1135358 0.001068960390
29723 0.001067419546
943 0.001060967740
3192 0.001060067856
594387 0.001059502994
446271 0.001055414181
1110579 0.001054144714
1117476 0.001052857327
34979 0.001050327370
42221 0.001049134753
28290 0.001048523888
1105574 0.001046092172
1154103 0.001045274390
190698 0.001041014564
1095507 0.001039511556
56115 0.001039236998
189774 0.001038882799
1152308 0.001035867723
733534 0.001031212105
28202 0.001029925675
578646 0.001029781993
739816 0.001027856322
273949 0.001026534774
1129243 0.001025228637
1129621 0.001024865566
1132486 0.001024689783
6224 0.001020879593
189856 0.001019625184
1129610 0.001018249441
1120138 0.001013932510
45212 0.001013266568
85452 0.001010303646
1106671 0.001009967152
1120650 0.001006969995
643695 0.001005712891
242663 0.001005498163
83449 0.001002568034
1113614 0.001002495245
143323 0.000999804776
358887 0.000998865365
40124 0.000996843316
1108389 0.000994331103
175291 0.000992008328
656231 0.000989135870
116087 0.000986634683
1124844 0.000983093641
1031453 0.000982813812
46887 0.000978730153
116553 0.000976899623
170798 0.000975484258
1105433 0.000973564626
5194 0.000971598912
7537 0.000970015325
1111788 0.000968773255
65057 0.000967967583
134128 0.000967236332
35335 0.000962575196
1152714 0.000960815042
1999 0.000960585861
1118823 0.000959642857
672071 0.000958799764
8699 0.000958431339
1131464 0.000958009166
235776 0.000957140230
1118209 0.000956849726
964248 0.000956601243
263486 0.000954966904
1118388 0.000953974681
12960 0.000948300930
578845 0.000947819506
13269 0.000947773498
1110546 0.000947764714
1817 0.000947624523
147870 0.000946731175
1119708 0.000941227193
575292 0.000939007953
1140289 0.000937707431
1126503 0.000936819154
1128959 0.000933312022
787016 0.000932099534
645571 0.000928446976
1132706 0.000925707863
16843 0.000922575972
987188 0.000921479687
430329 0.000921074295
1113852 0.000920255198
1102400 0.000918662186
6311 0.000918521054
63835 0.000916326528
440815 0.000914795364
63931 0.000912853559
210872 0.000910949212
1107095 0.000908902771
51866 0.000908538526
975567 0.000904272052
54550 0.000903606793
20942 0.000900803837
124828 0.000900604463
1111052 0.000898329240
116528 0.000892988522
1115959 0.000892952529
1129018 0.000891452076
27530 0.000886356104
189620 0.000886169859
97390 0.000882796093
116084 0.000878962652
20850 0.000876695471
50336 0.000870662728
152227 0.000866258573
63477 0.000860432679
167670 0.000858588288
284023 0.000858434127
1105033 0.000856885240
211875 0.000856847827
119761 0.000853546275
84020 0.000853406452
69397 0.000852288123
156977 0.000851872794
1128856 0.000850126960
92065 0.000848413160
120039 0.000843274315
40605 0.000840386810
1117942 0.000840141119
101811 0.000837375406
1136791 0.000835479088
1105718 0.000833225000
1109957 0.000831482387
644441 0.000830900827
1116629 0.000830754718
334153 0.000825247636
39199 0.000823374607
99025 0.000815379968
52847 0.000812242714
27249 0.000809526467
131315 0.000804299640
1127530 0.000802935554
644470 0.000802835965
5869 0.000800760251
108974 0.000800205738
1130676 0.000799592097
10186 0.000795569526
95435 0.000793541061
158098 0.000792830519
1129629 0.000791289381
763010 0.000791153035
928873 0.000788648524
1107455 0.000788346906
6385 0.000788286233
1154076 0.000787379408
1105148 0.000786672497
1121459 0.000786001223
38845 0.000785741446
445938 0.000784945456
62417 0.000780394428
6898 0.000779802858
1106298 0.000777383994
815096 0.000776944238
20526 0.000772558041
1105428 0.000772117376
593813 0.000771540287
18811 0.000769613105
190706 0.000766534166
299195 0.000762341191
40125 0.000761635926
601561 0.000761213453
22874 0.000761206971
688361 0.000760732654
39130 0.000759343067
634975 0.000758890999
139865 0.000757332233
13917 0.000756777052
45533 0.000754241221
1140547 0.000753497623
27199 0.000753165852
32872 0.000750811828
582139 0.000749434814
892139 0.000749398426
1131557 0.000748739710
74821 0.000747500600
70442 0.000743885137
4274 0.000743611900
1107312 0.000742917315
41417 0.000742739472
1128267 0.000740752786
6346 0.000736851020
1116569 0.000735717094
513189 0.000731753252
1033 0.000730901373
429805 0.000729564338
1102646 0.000727095826
152731 0.000725682098
633585 0.000725369925
1107367 0.000720819731
672064 0.000714802787
40135 0.000713019140
1140040 0.000710940704
1119078 0.000709313372
1134348 0.000708723702
1108175 0.000708004128
954315 0.000702480552
1131301 0.000702246732
262178 0.000699853596
118079 0.000699640560
6941 0.000698890250
39904 0.000695207590
19045 0.000695080528
1114222 0.000693194007
12347 0.000692596489
1154123 0.000691660834
1154124 0.000691660834
28491 0.000691382790
646809 0.000690825041
24043 0.000689383046
189572 0.000688314541
642798 0.000686606826
1919 0.000685719920
40131 0.000685715915
1110563 0.000684985101
1153899 0.000684558003
308003 0.000684407375
13193 0.000683658850
1153275 0.000682798945
10981 0.000682125668
3237 0.000681504418
31932 0.000679731122
157761 0.000674234691
31479 0.000674040843
179180 0.000672970235
35852 0.000672297349
49844 0.000668248052
574264 0.000667682411
308920 0.000665695959
628764 0.000661625434
206259 0.000661531791
650807 0.000660710973
459214 0.000659216343
23502 0.000659202977
503877 0.000658765593
1107140 0.000657622875
58436 0.000657181932
6151 0.000655841437
9716 0.000655457073
120013 0.000654246750
1152307 0.000653174364
1152448 0.000653174364
1152975 0.000653174364
1153703 0.000653174364
1106236 0.000653065432
1125909 0.000650586402
177998 0.000649389594
1132434 0.000649067536
1126012 0.000647289152
75318 0.000647086432
132806 0.000646669756
6639 0.000646350445
6217 0.000645848698
593260 0.000645780034
1121603 0.000645584755
1114239 0.000643803352
272345 0.000642802648
23069 0.000642513142
631015 0.000641792577
467383 0.000641635572
13972 0.000641352755
38000 0.000641151914
630890 0.000641079722
28336 0.000640782204
41216 0.000640533658
1108209 0.000640533658
686532 0.000640533658
18834 0.000639959242
12359 0.000638175654
13656 0.000637813628
28412 0.000636358978
6216 0.000633808007
519353 0.000633044080
1115375 0.000630166485
144679 0.000629878707
1128977 0.000628256992
28265 0.000627564626
20923 0.000627428110
118873 0.000627291594
33823 0.000627223336
1114118 0.000627155078
1122460 0.000627155078
270600 0.000627155078
1122704 0.000627155078
8961 0.000627155078
148341 0.000627155078
107569 0.000627155078
1107041 0.000627155078
1131639 0.000627155078
509315 0.000627155078
42848 0.000627155078
18812 0.000627155078
1133010 0.000627155078
1108656 0.000627155078
191222 0.000627155078
35854 0.000627155078
77108 0.000627155078
175576 0.000627155078
118559 0.000627155078
1109873 0.000627155078
45052 0.000627155078
307656 0.000627155078
1135115 0.000627155078
1119505 0.000627155078
218410 0.000627155078
226698 0.000627155078
95642 0.000627155078
1128256 0.000627155078
1153014 0.000627155078
6344 0.000627155078
31083 0.000627155078
1105116 0.000627155078
1121537 0.000627155078
1105231 0.000627155078
15892 0.000627155078
1113926 0.000627155078
1153091 0.000626745529
133566 0.000626214019
294239 0.000626097078
267003 0.000625118890
1131257 0.000624538519
1246 0.000623781813
307015 0.000621869962
137790 0.000620616253
1130808 0.000617343779
1132948 0.000617343779
653441 0.000615922109
48781 0.000615153837
127940 0.000614868626
28964 0.000614595594
593060 0.000614332347
582343 0.000614322562
31769 0.000614186046
58552 0.000614049530
200630 0.000614049530
6939 0.000614049530
654326 0.000614049530
145134 0.000613776497
644843 0.000613776497
78549 0.000613230433
434 0.000611467277
521855 0.000611386771
89308 0.000611339864
13195 0.000609973274
646900 0.000609907775
1128430 0.000607842690
575331 0.000605356320
248823 0.000604322845
97377 0.000603261697
124296 0.000602068330
193932 0.000599971264
134199 0.000594785724
100935 0.000592981122
95188 0.000590304984
8687 0.000589049979
92589 0.000586624143
108962 0.000581707724
1152421 0.000578725939
1153280 0.000578725939
1154459 0.000578725939
34266 0.000578699601
81722 0.000576902762
58540 0.000576551848
1105810 0.000573814258
1136393 0.000570980823
56119 0.000569944954
1113035 0.000567288474
72908 0.000566624774
1117618 0.000561703076
5069 0.000561619278
628668 0.000560132121
335042 0.000554873382
34315 0.000554356557
1123867 0.000548202640
552469 0.000548202640
591016 0.000547719912
1105603 0.000546969862
763181 0.000544002343
1153945 0.000540694866
137380 0.000533824480
85449 0.000532590378
43186 0.000530393164
1107062 0.000529607669
1106401 0.000529507590
6784 0.000528577251
83461 0.000527751492
6771 0.000526860949
18832 0.000524162346
1111978 0.000523825994
46547 0.000523449013
66556 0.000522214074
6539 0.000522063697
22835 0.000519007409
8874 0.000516135702
81350 0.000511338918
1131150 0.000510214221
503893 0.000509257331
12238 0.000508931626
124734 0.000507516909
1112574 0.000505296814
1131549 0.000503522167
641956 0.000503465480
293974 0.000502381453
110162 0.000502006582
75691 0.000500076144
1154229 0.000499683374
359067 0.000498827392
650834 0.000496712014
578649 0.000494087521
171225 0.000493653851
1117760 0.000492157780
1113182 0.000492157780
144212 0.000487709049
1129518 0.000487552289
14549 0.000485842859
675649 0.000485782365
46468 0.000485684329
114189 0.000483787213
504 0.000483267082
1122580 0.000482854228
1114192 0.000482475582
1106330 0.000482205993
1127619 0.000480637426
1128531 0.000480468501
3217 0.000480231485
1128943 0.000479654418
1128978 0.000479654418
211432 0.000477372142
1114153 0.000476335624
950052 0.000476335624
1136446 0.000468103413
75972 0.000466693704
1135122 0.000463963398
129042 0.000463778377
14062 0.000461848187
561581 0.000461492760
1152917 0.000460299945
578337 0.000459976285
1112075 0.000458374566
73323 0.000458371706
649731 0.000457114694
20178 0.000456799290
78557 0.000455735779
68505 0.000455442897
27241 0.000455274084
135464 0.000454317745
16474 0.000454152542
1103394 0.000451526955
50381 0.000448777314
20833 0.000446771040
1152358 0.000445184096
28851 0.000445180433
289885 0.000443385176
3095 0.000439838672
1154276 0.000438846624
1106547 0.000438659454
1130847 0.000438487654
36167 0.000433435838
1132815 0.000432171000
416455 0.000429714713
59626 0.000429173663
1117501 0.000425533131
1102442 0.000425403881
686015 0.000424456504
1153195 0.000421766479
395553 0.000421195578
10430 0.000420206894
16461 0.000420014859
2695 0.000419923456
1106966 0.000415307711
152226 0.000415045614
57764 0.000413151440
131042 0.000410680110
1133004 0.000409278063
1104182 0.000408146796
559804 0.000407022826
105865 0.000404824298
198443 0.000403408886
341188 0.000402846172
248119 0.000401854982
1132459 0.000401396807
3236 0.000400532099
31927 0.000398239223
1115471 0.000398060407
368605 0.000397998724
521251 0.000397212675
1034 0.000396373384
1131607 0.000396287060
6220 0.000394310073
568857 0.000391874762
1132443 0.000391402283
22431 0.000391352889
1153064 0.000391126814
1128319 0.000389579829
213279 0.000386892611
1131466 0.000385119736
568045 0.000384936122
18773 0.000382148015
1131312 0.000380634768
377303 0.000379187995
116552 0.000378520472
12158 0.000376389743
593859 0.000375695386
28485 0.000375073305
1106789 0.000374784031
42207 0.000374276033
202520 0.000373007921
594047 0.000371563317
1136447 0.000371179138
28487 0.000369770497
134219 0.000368454361
137849 0.000364590491
395075 0.000362699059
38480 0.000362240484
1128946 0.000360437288
1120211 0.000359287549
385067 0.000359041353
1125467 0.000357603036
1113551 0.000355938921
27612 0.000355738533
194645 0.000355557265
141324 0.000354489359
12169 0.000354234015
67633 0.000351284229
1118302 0.000349787594
1126350 0.000349720695
1128198 0.000347875653
255628 0.000345304140
22869 0.000344808459
85324 0.000344123772
75674 0.000343957310
13213 0.000341988255
592830 0.000340045284
595063 0.000339851333
1128975 0.000339851333
180399 0.000337703245
40583 0.000334618937
469504 0.000333830142
578650 0.000332667871
243483 0.000332653320
293285 0.000332110139
1953 0.000331881148
583318 0.000331750898
159897 0.000331514583
1128291 0.000330634398
259702 0.000328852689
644334 0.000328279085
1128982 0.000327623402
486840 0.000327555749
1115670 0.000325672868
1132505 0.000325134084
83826 0.000324576286
17477 0.000324198585
7276 0.000324085090
577331 0.000324080179
103430 0.000323816248
7430 0.000323572307
1153097 0.000323201926
1106546 0.000323088162
287787 0.000322919238
24476 0.000322860635
128 0.000322221388
561674 0.000321768506
162075 0.000321768506
308529 0.000321529855
738941 0.000321358958
18536 0.000321358958
1153024 0.000321267947
168958 0.000321222442
1126050 0.000320949410
561789 0.000320949410
1135899 0.000320928932
884094 0.000320858399
853118 0.000320812893
66596 0.000320676377
58454 0.000320676377
17811 0.000320676377
117328 0.000320676377
233106 0.000320676377
160732 0.000320676377
117315 0.000320651891
693143 0.000320539861
14545 0.000320539861
155738 0.000320471603
628500 0.000320437474
1114336 0.000320403345
1114605 0.000320403345
1131223 0.000320403345
1106764 0.000320403345
1131550 0.000320403345
1131752 0.000320403345
59244 0.000320403345
1133428 0.000320403345
1102567 0.000320403345
594900 0.000320403345
1112369 0.000320403345
48075 0.000320403345
1129907 0.000320403345
1105394 0.000320403345
32260 0.000320403345
1105530 0.000320403345
1129442 0.000320130313
368431 0.000320002084
1130780 0.000319800678
1106771 0.000318484207
1116974 0.000318484207
1118092 0.000318103353
853116 0.000315647111
1120713 0.000314559697
289780 0.000313714055
289781 0.000313441023
1110024 0.000313167990
217139 0.000313133781
45599 0.000311237785
152483 0.000310819789
50838 0.000310756206
756061 0.000310294326
1153816 0.000309759101
1128536 0.000308797134
78994 0.000308708464
643069 0.000308253410
1114664 0.000308047959
69418 0.000307974081
399370 0.000307570829
1116044 0.000307434313
46079 0.000307434313
645016 0.000307434313
1128437 0.000307434313
1116922 0.000307297797
134060 0.000307297797
20972 0.000307297797
643734 0.000307297797
567005 0.000307161281
27230 0.000307161281
576795 0.000307161281
521269 0.000307161281
851968 0.000307024765
656048 0.000307024765
41666 0.000307024765
354004 0.000307024765
157401 0.000307024765
321861 0.000307024765
2663 0.000307024765
519318 0.000307024765
593091 0.000307024765
643003 0.000307024765
151708 0.000307024765
520471 0.000307024765
62347 0.000307024765
62389 0.000307024765
242637 0.000307024765
128203 0.000307024765
54844 0.000307024765
735303 0.000307024765
129287 0.000307024765
72101 0.000307024765
96847 0.000307024765
449841 0.000307024765
15670 0.000307024765
1153896 0.000306751733
155736 0.000306615216
431206 0.000305614098
35070 0.000304533604
1153264 0.000304533604
1116842 0.000301324012
1152075 0.000301324012
647413 0.000299719869
1105887 0.000299312519
1136422 0.000299139598
140569 0.000298068404
68224 0.000295110683
5454 0.000295042425
1120197 0.000294079850
1111230 0.000290719468
189721 0.000290692974
51909 0.000290552904
1136814 0.000289869849
6170 0.000287623537
93273 0.000286061507
16470 0.000282389588
95594 0.000281248002
145384 0.000281248002
1132157 0.000278381663
385251 0.000275320624
40886 0.000274589964
12199 0.000271935705
8617 0.000268828531
28278 0.000267556742
1035 0.000264752299
139547 0.000263584749
175548 0.000263431263
231249 0.000262315574
230884 0.000261503867
696345 0.000261079688
672070 0.000259258027
11093 0.000256542336
608292 0.000256036492
1133417 0.000255606917
6215 0.000255405678
66594 0.000254522536
646837 0.000253976873
13136 0.000252203475
55968 0.000251414169
2702 0.000250730031
114308 0.000248992526
119956 0.000246481948
70281 0.000245311730
6782 0.000244277287
148170 0.000244042321
94639 0.000243504526
158172 0.000242809494
1107418 0.000239923124
20592 0.000237697825
82666 0.000233881652
1152761 0.000231905294
1153860 0.000231905294
1118848 0.000230526388
1153056 0.000229154434
346292 0.000227543841
34355 0.000224918510
9513 0.000222496660
1152958 0.000219213088
263482 0.000216201051
28227 0.000215511756
289085 0.000212458271
178727 0.000211932702
63549 0.000211568296
129045 0.000207338111
93923 0.000206873600
575795 0.000205928110
184918 0.000205304135
263498 0.000204764392
144330 0.000204379823
628888 0.000204311573
574710 0.000203903789
523394 0.000202772684
180373 0.000200160500
646913 0.000199906013
124064 0.000198594373
1154176 0.000197126496
49843 0.000196722612
75695 0.000194206425
370366 0.000194153634
51879 0.000191911949
22886 0.000189051532
221302 0.000188315134
20821 0.000186658908
648232 0.000185602333
1022969 0.000184019242
77515 0.000183907495
595157 0.000182983299
39210 0.000182969759
47570 0.000181996059
175909 0.000181155320
22883 0.000181150443
1115677 0.000180242388
123556 0.000180001853
69392 0.000179497625
145215 0.000176404199
4637 0.000175886722
503871 0.000174618959
23774 0.000173233567
31483 0.000173045405
20857 0.000171719936
9515 0.000169527244
683355 0.000169483453
415693 0.000168305299
733167 0.000164294219
506 0.000163318791
101662 0.000162213094
49660 0.000161751673
79817 0.000161749816
135130 0.000160939150
1152490 0.000160556864
1153861 0.000160556864
1131314 0.000160408515
950986 0.000160406447
1131374 0.000160224330
309476 0.000160141523
1114398 0.000160133414
684972 0.000160133414
1111186 0.000160133414
1153866 0.000160065156
102884 0.000159863054
1134865 0.000159859401
116021 0.000159594325
112787 0.000155466818
1132083 0.000155341698
662416 0.000154860592
561595 0.000154058447
1152259 0.000153785415
1152991 0.000153785415
1110028 0.000153307608
1121063 0.000153307608
91852 0.000152526791
628751 0.000150776865
151430 0.000150555619
335733 0.000149830164
103528 0.000148743908
60682 0.000148416673
711527 0.000148304466
118682 0.000148041239
81714 0.000146591252
675847 0.000145693903
6210 0.000145669625
574462 0.000144585510
561238 0.000144585510
1127430 0.000144585510
1129027 0.000144585510
1133338 0.000144197063
1153065 0.000144197063
1103985 0.000144197063
694759 0.000144197063
1107319 0.000141883233
87363 0.000141876534
1120170 0.000140843368
66982 0.000138631849
63832 0.000137902132
1104999 0.000137902132
42847 0.000134186340
358884 0.000134087513
259126 0.000131428921
636500 0.000131025893
684986 0.000130623732
78552 0.000128166525
1132731 0.000126996612
288 0.000126459276
210309 0.000125834544
238099 0.000124826264
193742 0.000124048522
1129570 0.000123978295
249858 0.000123768325
286513 0.000123398021
671293 0.000123382969
397488 0.000121907094
592973 0.000118841262
59045 0.000118666692
1130856 0.000118084309
1114125 0.000117869340
157805 0.000117448104
12155 0.000117312959
19697 0.000116996367
1129096 0.000116566789
5462 0.000116345554
593022 0.000112931534
397590 0.000111940610
27174 0.000111765640
8696 0.000110730852
1154042 0.000109453180
6775 0.000109103783
203646 0.000108835049
265203 0.000108392232
654177 0.000106941191
134314 0.000106573588
1135589 0.000106186555
647447 0.000106108787
573964 0.000103532049
1131745 0.000103398196
293271 0.000102312145
576691 0.000102141519
632796 0.000102045803
1105221 0.000101948155
751408 0.000101405478
218682 0.000096497127
12211 0.000096429577
119686 0.000094919633
90470 0.000093458206
216878 0.000092695501
753070 0.000092335642
1123553 0.000091604305
108983 0.000091333754
6155 0.000088952454
6786 0.000088869000
141868 0.000088555726
174418 0.000088392779
129896 0.000086337611
28249 0.000085090962
56112 0.000083853212
502574 0.000080250127
591017 0.000079282926
595193 0.000075394771
1103383 0.000075394771
1128369 0.000075394771
237489 0.000075098905
72056 0.000073805504
33301 0.000073587557
52835 0.000073120275
82098 0.000073103136
59715 0.000072939230
82664 0.000072821899
31863 0.000072637641
1131334 0.000068072472
117316 0.000066725370
399339 0.000065775851
1152676 0.000065275360
1128997 0.000065168124
643485 0.000064921989
385572 0.000064788816
1131305 0.000064264481
820662 0.000061903688
645870 0.000060440309
389715 0.000060124466
103529 0.000058817199
239800 0.000058498183
95719 0.000058498183
592826 0.000058110598
230300 0.000057658223
46501 0.000057282061
576362 0.000056439978
686030 0.000055752299
1120059 0.000054395919
1059953 0.000053431175
43639 0.000053037775
18833 0.000052847584
1107674 0.000050859562
1153166 0.000048697148
1153724 0.000048697148
44455 0.000048481501
116081 0.000047711607
39403 0.000044474679
521207 0.000044302083
1131359 0.000044173293
189655 0.000041776154
45603 0.000040850616
48764 0.000040850616
13208 0.000038382024
1153287 0.000036709356
1132385 0.000036676524
29708 0.000035549370
118259 0.000035498466
118260 0.000035498466
267824 0.000035320184
30973 0.000034946562
8594 0.000034197289
28632 0.000034078921
644577 0.000033049874
643239 0.000033017404
98693 0.000032906341
28640 0.000032746504
6152 0.000031941166
1118658 0.000031785746
28473 0.000030815465
346243 0.000030320449
1114629 0.000030067465
217115 0.000029728227
116545 0.000029688544
28387 0.000028588450
1118083 0.000028389655
400356 0.000027609887
153598 0.000027383836
714260 0.000027052668
521252 0.000026673258
20180 0.000026231944
330148 0.000025392416
25413 0.000025118967
8832 0.000024569237
280876 0.000024568898
27243 0.000024183741
65212 0.000023230779
11148 0.000022889204
7432 0.000022727649
1153900 0.000022684961
107251 0.000022469781
1132809 0.000022388644
195150 0.000022025024
22241 0.000021727374
232606 0.000021637806
7272 0.000021557510
25181 0.000021452853
1130680 0.000021380282
521183 0.000021278566
133553 0.000020910424
593155 0.000019702419
594511 0.000019519653
59798 0.000019042390
32698 0.000019008015
626999 0.000018470923
1116336 0.000018276354
1131719 0.000016996258
561364 0.000016113949
108963 0.000015996856
27606 0.000014943624
646836 0.000014185782
1136449 0.000014133750
192850 0.000013561697
1154525 0.000013242064
260979 0.000013218463
1134022 0.000013216162
470511 0.000013097236
1127863 0.000012084195
1213 0.000010648258
62634 0.000010485032
853155 0.000009987508
3235 0.000009879531
1125492 0.000009698572
69284 0.000009460715
62718 0.000009119215
350319 0.000009098683
95225 0.000008398473
272720 0.000008048872
101660 0.000007957752
8591 0.000007917935
96851 0.000007805255
390894 0.000007701735
1129835 0.000007440129
74749 0.000006839756
459213 0.000006707290
180187 0.000006279742
755082 0.000006249754
1131167 0.000006131022
593544 0.000006111125
58268 0.000005870193
606647 0.000004923615
1153942 0.000004923615
28542 0.000004900631
767763 0.000004780356
31105 0.000004765415
66986 0.000004420890
25794 0.000004277505
193352 0.000004254753
608191 0.000004080177
608190 0.000004080177
28471 0.000004047654
111866 0.000003658656
55770 0.000003458408
13654 0.000003436739
593329 0.000003420607
253971 0.000003401527
409725 0.000003139871
236759 0.000003050347
74698 0.000003003355
310530 0.000002985971
110041 0.000002861538
447224 0.000002839565
709113 0.000002730322
592975 0.000002690132
640617 0.000002631984
683404 0.000002628593
273152 0.000002433762
644494 0.000002386343
99023 0.000002275269
2698 0.000002229763
44368 0.000002101373
235679 0.000001956731
232605 0.000001911226
137130 0.000001842968
578669 0.000001832933
14429 0.000001799738
66564 0.000001683806
689439 0.000001638193
52003 0.000001638193
142268 0.000001638193
1102364 0.000001638193
576725 0.000001556284
177993 0.000001540357
1103031 0.000001419768
1103016 0.000001365161
1120084 0.000001266443
193347 0.000001251398
1152944 0.000001222578
39474 0.000001179889
1104809 0.000001160387
696342 0.000001152882
14083 0.000001092129
14090 0.000001092129
14430 0.000001060275
32688 0.000001050915
27514 0.000000961818
1131198 0.000000955613
1103969 0.000000930585
235670 0.000000910107
86923 0.000000819097
137956 0.000000819097
1140230 0.000000803465
648112 0.000000750839
714208 0.000000750839
626530 0.000000750839
315789 0.000000682581
62676 0.000000682581
1136631 0.000000682581
1131335 0.000000657508
178718 0.000000614323
235678 0.000000591570
169279 0.000000573368
606479 0.000000546064
34263 0.000000546064
683360 0.000000546064
643199 0.000000546064
13024 0.000000546064
95718 0.000000546064
1112194 0.000000546064
1128990 0.000000546064
1105877 0.000000546064
523574 0.000000523312
645046 0.000000500559
14428 0.000000491458
289088 0.000000477806
38846 0.000000455054
83746 0.000000443677
689152 0.000000436852
69296 0.000000409548
46452 0.000000409548
1119623 0.000000409548
562940 0.000000409548
899119 0.000000409548
522338 0.000000409548
367312 0.000000409548
1154012 0.000000409548
7867 0.000000409548
1154524 0.000000386796
1119216 0.000000379970
633081 0.000000364043
578347 0.000000364043
50354 0.000000341290
1123215 0.000000273032
9559 0.000000273032
133615 0.000000273032
60159 0.000000273032
60169 0.000000273032
215912 0.000000273032
166825 0.000000273032
1134346 0.000000273032
430711 0.000000273032
578309 0.000000273032
1152711 0.000000273032
1112071 0.000000273032
375825 0.000000273032
662572 0.000000273032
671052 0.000000273032
1138027 0.000000273032
762980 0.000000266206
314459 0.000000250280
648106 0.000000204774
74700 0.000000204774
52000 0.000000204774
34082 0.000000186572
169280 0.000000163819
235683 0.000000159269
14431 0.000000147892
1131184 0.000000136516
17242 0.000000136516
263553 0.000000136516
1108258 0.000000136516
1132857 0.000000136516
43698 0.000000136516
649944 0.000000136516
60170 0.000000136516
166989 0.000000136516
626574 0.000000136516
192870 0.000000136516
13652 0.000000136516
71736 0.000000136516
154023 0.000000136516
154047 0.000000136516
55801 0.000000136516
31336 0.000000136516
1130454 0.000000136516
330208 0.000000125140
644427 0.000000113763
57773 0.000000091011
9581 0.000000091011
423463 0.000000091011
1131420 0.000000068258
648121 0.000000068258
124224 0.000000068258
1108363 0.000000068258
100961 0.000000068258
592996 0.000000068258
626531 0.000000068258
578306 0.000000068258
87482 0.000000068258
1121313 0.000000068258
632874 0.000000045505
80515 0.000000045505
1153784 0.000000045505
1122304 0.000000000000
368657 0.000000000000
696343 0.000000000000
630817 0.000000000000
131122 0.000000000000
188471 0.000000000000
1138755 0.000000000000
1114184 0.000000000000
1130568 0.000000000000
180301 0.000000000000
1130586 0.000000000000
573535 0.000000000000
270456 0.000000000000
1130637 0.000000000000
647315 0.000000000000
1130653 0.000000000000
1130657 0.000000000000
245955 0.000000000000
73972 0.000000000000
131317 0.000000000000
1114364 0.000000000000
213246 0.000000000000
1122574 0.000000000000
114966 0.000000000000
1138970 0.000000000000
1139009 0.000000000000
98698 0.000000000000
8619 0.000000000000
1130929 0.000000000000
1130934 0.000000000000
459206 0.000000000000
463 0.000000000000
139738 0.000000000000
115188 0.000000000000
1139195 0.000000000000
90655 0.000000000000
49720 0.000000000000
574009 0.000000000000
8766 0.000000000000
57922 0.000000000000
746058 0.000000000000
57932 0.000000000000
49753 0.000000000000
1131163 0.000000000000
1131164 0.000000000000
1131165 0.000000000000
1131172 0.000000000000
107177 0.000000000000
1131180 0.000000000000
1131189 0.000000000000
49847 0.000000000000
1131192 0.000000000000
688824 0.000000000000
1131195 0.000000000000
582349 0.000000000000
688849 0.000000000000
99030 0.000000000000
1114838 0.000000000000
1131230 0.000000000000
140005 0.000000000000
49895 0.000000000000
1131266 0.000000000000
41732 0.000000000000
1123093 0.000000000000
238401 0.000000000000
1131330 0.000000000000
1131345 0.000000000000
1131348 0.000000000000
582511 0.000000000000
1131414 0.000000000000
91038 0.000000000000
263069 0.000000000000
1131421 0.000000000000
1106849 0.000000000000
754594 0.000000000000
1106854 0.000000000000
1123239 0.000000000000
940 0.000000000000
17363 0.000000000000
943087 0.000000000000
164885 0.000000000000
1115166 0.000000000000
17488 0.000000000000
58453 0.000000000000
312409 0.000000000000
156794 0.000000000000
853114 0.000000000000
853115 0.000000000000
853150 0.000000000000
1123493 0.000000000000
74920 0.000000000000
74921 0.000000000000
648369 0.000000000000
189623 0.000000000000
74937 0.000000000000
25791 0.000000000000
1107136 0.000000000000
1131734 0.000000000000
566488 0.000000000000
1131741 0.000000000000
42209 0.000000000000
1131754 0.000000000000
66809 0.000000000000
255233 0.000000000000
189708 0.000000000000
509233 0.000000000000
1131828 0.000000000000
288107 0.000000000000
566653 0.000000000000
1107325 0.000000000000
566664 0.000000000000
17821 0.000000000000
820661 0.000000000000
1107385 0.000000000000
321004 0.000000000000
1140231 0.000000000000
206371 0.000000000000
1132073 0.000000000000
1107558 0.000000000000
50807 0.000000000000
149139 0.000000000000
1123991 0.000000000000
1694 0.000000000000
67245 0.000000000000
67246 0.000000000000
779960 0.000000000000
206524 0.000000000000
132821 0.000000000000
67292 0.000000000000
567018 0.000000000000
1115886 0.000000000000
1132285 0.000000000000
1107728 0.000000000000
116512 0.000000000000
50980 0.000000000000
173863 0.000000000000
1140548 0.000000000000
18251 0.000000000000
182093 0.000000000000
1107808 0.000000000000
51045 0.000000000000
337766 0.000000000000
51052 0.000000000000
1132406 0.000000000000
1132416 0.000000000000
18313 0.000000000000
616336 0.000000000000
1951 0.000000000000
75693 0.000000000000
75694 0.000000000000
10174 0.000000000000
739280 0.000000000000
1116146 0.000000000000
1116181 0.000000000000
141347 0.000000000000
18532 0.000000000000
632935 0.000000000000
256106 0.000000000000
43165 0.000000000000
1116328 0.000000000000
239810 0.000000000000
633030 0.000000000000
633031 0.000000000000
198866 0.000000000000
239829 0.000000000000
26850 0.000000000000
395540 0.000000000000
141596 0.000000000000
1132864 0.000000000000
919885 0.000000000000
18770 0.000000000000
18774 0.000000000000
1132887 0.000000000000
174425 0.000000000000
100701 0.000000000000
18785 0.000000000000
264556 0.000000000000
1116530 0.000000000000
1132922 0.000000000000
59772 0.000000000000
379288 0.000000000000
854434 0.000000000000
362926 0.000000000000
133567 0.000000000000
1133008 0.000000000000
1133028 0.000000000000
1124837 0.000000000000
1133047 0.000000000000
133628 0.000000000000
649730 0.000000000000
649739 0.000000000000
682508 0.000000000000
68115 0.000000000000
166420 0.000000000000
10793 0.000000000000
248395 0.000000000000
1108570 0.000000000000
27246 0.000000000000
248431 0.000000000000
1108597 0.000000000000
51831 0.000000000000
1116835 0.000000000000
1116839 0.000000000000
387795 0.000000000000
84695 0.000000000000
1125082 0.000000000000
51934 0.000000000000
191216 0.000000000000
510715 0.000000000000
109323 0.000000000000
52007 0.000000000000
1133390 0.000000000000
1108841 0.000000000000
1117049 0.000000000000
101261 0.000000000000
1125258 0.000000000000
199571 0.000000000000
158614 0.000000000000
1133469 0.000000000000
1117089 0.000000000000
617378 0.000000000000
191404 0.000000000000
27632 0.000000000000
289779 0.000000000000
1109017 0.000000000000
1125402 0.000000000000
1117219 0.000000000000
11326 0.000000000000
1117249 0.000000000000
11337 0.000000000000
44121 0.000000000000
592986 0.000000000000
158812 0.000000000000
617575 0.000000000000
93318 0.000000000000
60560 0.000000000000
289945 0.000000000000
593068 0.000000000000
134315 0.000000000000
134320 0.000000000000
126128 0.000000000000
1109185 0.000000000000
1109208 0.000000000000
1125597 0.000000000000
1133846 0.000000000000
683294 0.000000000000
167205 0.000000000000
36131 0.000000000000
593201 0.000000000000
77112 0.000000000000
593209 0.000000000000
593248 0.000000000000
1133930 0.000000000000
159084 0.000000000000
159085 0.000000000000
28026 0.000000000000
232860 0.000000000000
593328 0.000000000000
380341 0.000000000000
576973 0.000000000000
1134031 0.000000000000
44514 0.000000000000
1134056 0.000000000000
241133 0.000000000000
1125906 0.000000000000
642593 0.000000000000
1109542 0.000000000000
1125944 0.000000000000
93755 0.000000000000
577086 0.000000000000
1109566 0.000000000000
650814 0.000000000000
1125953 0.000000000000
642641 0.000000000000
421481 0.000000000000
28267 0.000000000000
1125993 0.000000000000
1134197 0.000000000000
1126011 0.000000000000
1117833 0.000000000000
61073 0.000000000000
593559 0.000000000000
118424 0.000000000000
593560 0.000000000000
118435 0.000000000000
102061 0.000000000000
28359 0.000000000000
577227 0.000000000000
20179 0.000000000000
28389 0.000000000000
814836 0.000000000000
118558 0.000000000000
216877 0.000000000000
1118017 0.000000000000
1109830 0.000000000000
28489 0.000000000000
184157 0.000000000000
642920 0.000000000000
642930 0.000000000000
61312 0.000000000000
126867 0.000000000000
126868 0.000000000000
12194 0.000000000000
1118120 0.000000000000
1126315 0.000000000000
675756 0.000000000000
126909 0.000000000000
126920 0.000000000000
126926 0.000000000000
815073 0.000000000000
28649 0.000000000000
12275 0.000000000000
28674 0.000000000000
77829 0.000000000000
45061 0.000000000000
634902 0.000000000000
634904 0.000000000000
634938 0.000000000000
987197 0.000000000000
282700 0.000000000000
1118286 0.000000000000
594011 0.000000000000
594025 0.000000000000
143476 0.000000000000
594039 0.000000000000
1118347 0.000000000000
348305 0.000000000000
446610 0.000000000000
241821 0.000000000000
594119 0.000000000000
94416 0.000000000000
258259 0.000000000000
610529 0.000000000000
86258 0.000000000000
1061127 0.000000000000
12558 0.000000000000
143676 0.000000000000
1118546 0.000000000000
733576 0.000000000000
168332 0.000000000000
561568 0.000000000000
561582 0.000000000000
143801 0.000000000000
561593 0.000000000000
4553 0.000000000000
561610 0.000000000000
561611 0.000000000000
561613 0.000000000000
1110494 0.000000000000
102879 0.000000000000
430574 0.000000000000
684531 0.000000000000
1110520 0.000000000000
102938 0.000000000000
102939 0.000000000000
594483 0.000000000000
1102407 0.000000000000
135765 0.000000000000
135766 0.000000000000
1110628 0.000000000000
135798 0.000000000000
643735 0.000000000000
78508 0.000000000000
53942 0.000000000000
643777 0.000000000000
250566 0.000000000000
1102548 0.000000000000
78555 0.000000000000
94953 0.000000000000
365294 0.000000000000
1110768 0.000000000000
1135345 0.000000000000
1135368 0.000000000000
529165 0.000000000000
4878 0.000000000000
1119004 0.000000000000
578365 0.000000000000
193354 0.000000000000
1135455 0.000000000000
545647 0.000000000000
4983 0.000000000000
70520 0.000000000000
62333 0.000000000000
217984 0.000000000000
709518 0.000000000000
13205 0.000000000000
119712 0.000000000000
1110950 0.000000000000
824245 0.000000000000
1102794 0.000000000000
562123 0.000000000000
1119180 0.000000000000
1119178 0.000000000000
177115 0.000000000000
95198 0.000000000000
1119211 0.000000000000
37879 0.000000000000
1102850 0.000000000000
1102873 0.000000000000
29738 0.000000000000
111676 0.000000000000
37998 0.000000000000
1127541 0.000000000000
1127551 0.000000000000
62607 0.000000000000
111770 0.000000000000
1152179 0.000000000000
734406 0.000000000000
128202 0.000000000000
1111265 0.000000000000
1127657 0.000000000000
644361 0.000000000000
644363 0.000000000000
578898 0.000000000000
1135955 0.000000000000
95588 0.000000000000
95597 0.000000000000
1152379 0.000000000000
193918 0.000000000000
128383 0.000000000000
1127810 0.000000000000
46470 0.000000000000
1152394 0.000000000000
46476 0.000000000000
46500 0.000000000000
1119654 0.000000000000
1136040 0.000000000000
1152436 0.000000000000
292277 0.000000000000
1119671 0.000000000000
46536 0.000000000000
136665 0.000000000000
112099 0.000000000000
1136110 0.000000000000
1152508 0.000000000000
1119742 0.000000000000
128540 0.000000000000
579108 0.000000000000
390693 0.000000000000
218666 0.000000000000
1152569 0.000000000000
1111614 0.000000000000
136768 0.000000000000
136767 0.000000000000
243274 0.000000000000
259701 0.000000000000
1103499 0.000000000000
13966 0.000000000000
1152663 0.000000000000
13982 0.000000000000
71336 0.000000000000
1111733 0.000000000000
1136310 0.000000000000
259772 0.000000000000
325314 0.000000000000
1136342 0.000000000000
1128151 0.000000000000
628458 0.000000000000
628459 0.000000000000
1128201 0.000000000000
1128208 0.000000000000
1120019 0.000000000000
202522 0.000000000000
481073 0.000000000000
1152821 0.000000000000
1136442 0.000000000000
399173 0.000000000000
1152858 0.000000000000
1152859 0.000000000000
38771 0.000000000000
325497 0.000000000000
423816 0.000000000000
1152910 0.000000000000
145315 0.000000000000
604073 0.000000000000
38839 0.000000000000
628667 0.000000000000
1152959 0.000000000000
612306 0.000000000000
1112026 0.000000000000
645088 0.000000000000
1136634 0.000000000000
1120252 0.000000000000
1153031 0.000000000000
899085 0.000000000000
260121 0.000000000000
628766 0.000000000000
22564 0.000000000000
22566 0.000000000000
1112106 0.000000000000
628815 0.000000000000
1153106 0.000000000000
219218 0.000000000000
735311 0.000000000000
1128542 0.000000000000
55403 0.000000000000
596075 0.000000000000
1153169 0.000000000000
1104031 0.000000000000
350373 0.000000000000
112813 0.000000000000
30934 0.000000000000
71904 0.000000000000
1153254 0.000000000000
653628 0.000000000000
1104191 0.000000000000
645452 0.000000000000
31055 0.000000000000
1112417 0.000000000000
31097 0.000000000000
1104261 0.000000000000
1128846 0.000000000000
1128853 0.000000000000
563613 0.000000000000
1128881 0.000000000000
686559 0.000000000000
1128927 0.000000000000
1128945 0.000000000000
1137140 0.000000000000
1120786 0.000000000000
1104435 0.000000000000
1129021 0.000000000000
47683 0.000000000000
907845 0.000000000000
1112650 0.000000000000
1129040 0.000000000000
1112665 0.000000000000
1120866 0.000000000000
80491 0.000000000000
948846 0.000000000000
1120880 0.000000000000
1104495 0.000000000000
817774 0.000000000000
31349 0.000000000000
318071 0.000000000000
1129106 0.000000000000
1129111 0.000000000000
1153736 0.000000000000
72406 0.000000000000
47839 0.000000000000
662250 0.000000000000
318187 0.000000000000
1153786 0.000000000000
662279 0.000000000000
80656 0.000000000000
342802 0.000000000000
195361 0.000000000000
252715 0.000000000000
252725 0.000000000000
375605 0.000000000000
1137466 0.000000000000
64319 0.000000000000
219976 0.000000000000
1153877 0.000000000000
1153879 0.000000000000
1063773 0.000000000000
1153889 0.000000000000
1071981 0.000000000000
7022 0.000000000000
1104749 0.000000000000
990075 0.000000000000
187260 0.000000000000
7041 0.000000000000
1104769 0.000000000000
531348 0.000000000000
1121176 0.000000000000
531351 0.000000000000
1129368 0.000000000000
1129369 0.000000000000
1153946 0.000000000000
711598 0.000000000000
121792 0.000000000000
211906 0.000000000000
48066 0.000000000000
1129443 0.000000000000
64484 0.000000000000
621555 0.000000000000
285687 0.000000000000
23546 0.000000000000
23545 0.000000000000
1113084 0.000000000000
654339 0.000000000000
1129494 0.000000000000
1154071 0.000000000000
1154074 0.000000000000
613409 0.000000000000
752684 0.000000000000
1104946 0.000000000000
949318 0.000000000000
15431 0.000000000000
400455 0.000000000000
400473 0.000000000000
416867 0.000000000000
72805 0.000000000000
1105011 0.000000000000
1121398 0.000000000000
1154173 0.000000000000
7296 0.000000000000
212097 0.000000000000
212107 0.000000000000
646289 0.000000000000
1105062 0.000000000000
1154230 0.000000000000
654519 0.000000000000
646334 0.000000000000
416964 0.000000000000
646357 0.000000000000
294126 0.000000000000
89335 0.000000000000
466170 0.000000000000
294145 0.000000000000
220420 0.000000000000
646412 0.000000000000
785678 0.000000000000
646440 0.000000000000
687401 0.000000000000
408885 0.000000000000
711994 0.000000000000
1129798 0.000000000000
97645 0.000000000000
1121659 0.000000000000
310653 0.000000000000
56708 0.000000000000
73119 0.000000000000
163235 0.000000000000
1138091 0.000000000000
384428 0.000000000000
1113534 0.000000000000
1154500 0.000000000000
1113541 0.000000000000
1121739 0.000000000000
1105360 0.000000000000
703953 0.000000000000
302545 0.000000000000
1154520 0.000000000000
179706 0.000000000000
155158 0.000000000000
245288 0.000000000000
1130069 0.000000000000
360028 0.000000000000
1130080 0.000000000000
753264 0.000000000000
228990 0.000000000000
48768 0.000000000000
228992 0.000000000000
155277 0.000000000000
409255 0.000000000000
458439 0.000000000000
1105622 0.000000000000
1113828 0.000000000000
1130243 0.000000000000
270085 0.000000000000
1105698 0.000000000000
237376 0.000000000000
253762 0.000000000000
286562 0.000000000000
1130356 0.000000000000
278394 0.000000000000
376704 0.000000000000
278403 0.000000000000
188318 0.000000000000
737204 0.000000000000
1138619 0.000000000000
24530 0.000000000000
40922 0.000000000000
262108 0.000000000000
262121 0.000000000000
73712 0.000000000000
917493 0.000000000000
