80491 0.000000007962
1131348 0.000000007938
314459 0.000000007938
1153097 0.000000007938
80515 0.000000007938
1121603 0.000000007938
7532 0.000000007938
7537 0.000000007938
1113534 0.000000007938
409255 0.000000007938
504 0.000000007756
506 0.000000007756
1106546 0.000000007756
1102364 0.000000007756
1103499 0.000000007756
1153024 0.000000007756
1112650 0.000000007756
89416 0.000000007756
179706 0.000000007756
24476 0.000000007756
75318 0.000000007734
141171 0.000000007734
103430 0.000000007734
1152859 0.000000007734
1154074 0.000000007734
1121569 0.000000007734
179702 0.000000007734
1106854 0.000000007690
738941 0.000000007690
18536 0.000000007690
1135455 0.000000007690
1109830 0.000000007647
1135345 0.000000007647
162075 0.000000007647
162080 0.000000007647
737204 0.000000007647
59772 0.000000007625
35335 0.000000007625
258259 0.000000007625
561789 0.000000007625
168958 0.000000007625
1127551 0.000000007625
123556 0.000000007604
50354 0.000000007604
93318 0.000000007604
134315 0.000000007604
134320 0.000000007604
1126050 0.000000007604
13972 0.000000007604
463 0.000000007583
74700 0.000000007583
1115166 0.000000007583
66596 0.000000007583
853115 0.000000007583
1107136 0.000000007583
17811 0.000000007583
362926 0.000000007583
117328 0.000000007583
233106 0.000000007583
126926 0.000000007583
12275 0.000000007583
561674 0.000000007583
160732 0.000000007583
1127541 0.000000007583
1128853 0.000000007583
23069 0.000000007583
424540 0.000000007583
80656 0.000000007583
270456 0.000000007561
8619 0.000000007561
57932 0.000000007561
91038 0.000000007561
17363 0.000000007561
58453 0.000000007561
58454 0.000000007561
853114 0.000000007561
25791 0.000000007561
66809 0.000000007561
182093 0.000000007561
337766 0.000000007561
18313 0.000000007561
1951 0.000000007561
10174 0.000000007561
141596 0.000000007561
264556 0.000000007561
379288 0.000000007561
51934 0.000000007561
101261 0.000000007561
289945 0.000000007561
44514 0.000000007561
642641 0.000000007561
20179 0.000000007561
28489 0.000000007561
12194 0.000000007561
126909 0.000000007561
815073 0.000000007561
28649 0.000000007561
168332 0.000000007561
70520 0.000000007561
177115 0.000000007561
111676 0.000000007561
13652 0.000000007561
292277 0.000000007561
137130 0.000000007561
646289 0.000000007561
466170 0.000000007561
687401 0.000000007561
48555 0.000000007561
155158 0.000000007561
253762 0.000000007561
278394 0.000000007561
278403 0.000000007561
1122304 0.000000007540
1155073 0.000000007540
1114118 0.000000007540
1105932 0.000000007540
1114125 0.000000007540
253971 0.000000007540
8213 0.000000007540
696342 0.000000007540
696343 0.000000007540
696345 0.000000007540
696346 0.000000007540
8224 0.000000007540
950305 0.000000007540
630817 0.000000007540
35 0.000000007540
262178 0.000000007540
40 0.000000007540
1114153 0.000000007540
1130539 0.000000007540
385067 0.000000007540
131117 0.000000007540
131122 0.000000007540
16437 0.000000007540
188471 0.000000007540
16451 0.000000007540
1138755 0.000000007540
1130567 0.000000007540
1130568 0.000000007540
16461 0.000000007540
1114192 0.000000007540
16470 0.000000007540
16471 0.000000007540
155736 0.000000007540
16474 0.000000007540
155738 0.000000007540
16476 0.000000007540
1130586 0.000000007540
106590 0.000000007540
573535 0.000000007540
589923 0.000000007540
16485 0.000000007540
32872 0.000000007540
1130600 0.000000007540
630890 0.000000007540
1114222 0.000000007540
573553 0.000000007540
114 0.000000007540
65650 0.000000007540
117 0.000000007540
65653 0.000000007540
221302 0.000000007540
1122425 0.000000007540
1114239 0.000000007540
128 0.000000007540
130 0.000000007540
1106052 0.000000007540
1130634 0.000000007540
1130637 0.000000007540
647315 0.000000007540
1122460 0.000000007540
1130653 0.000000007540
1130657 0.000000007540
164 0.000000007540
82087 0.000000007540
82090 0.000000007540
82098 0.000000007540
1130676 0.000000007540
1130678 0.000000007540
1106103 0.000000007540
1130680 0.000000007540
1106112 0.000000007540
590022 0.000000007540
1114331 0.000000007540
1114336 0.000000007540
385251 0.000000007540
631015 0.000000007540
688361 0.000000007540
647408 0.000000007540
1114352 0.000000007540
131315 0.000000007540
33013 0.000000007540
647413 0.000000007540
131318 0.000000007540
131317 0.000000007540
1106172 0.000000007540
213246 0.000000007540
41216 0.000000007540
229635 0.000000007540
270600 0.000000007540
631052 0.000000007540
1122574 0.000000007540
606479 0.000000007540
1114388 0.000000007540
1122580 0.000000007540
647447 0.000000007540
1138968 0.000000007540
1138970 0.000000007540
139547 0.000000007540
1130780 0.000000007540
1114398 0.000000007540
213279 0.000000007540
288 0.000000007540
1130808 0.000000007540
1106236 0.000000007540
672064 0.000000007540
672070 0.000000007540
672071 0.000000007540
1114442 0.000000007540
49482 0.000000007540
1122642 0.000000007540
1130847 0.000000007540
90470 0.000000007540
1130856 0.000000007540
1106287 0.000000007540
1106298 0.000000007540
8581 0.000000007540
1114502 0.000000007540
98693 0.000000007540
205192 0.000000007540
24966 0.000000007540
98698 0.000000007540
205196 0.000000007540
24974 0.000000007540
1114512 0.000000007540
1122704 0.000000007540
1106330 0.000000007540
1114526 0.000000007540
147870 0.000000007540
1130915 0.000000007540
424 0.000000007540
8617 0.000000007540
1130927 0.000000007540
1130929 0.000000007540
434 0.000000007540
1130931 0.000000007540
16819 0.000000007540
1130934 0.000000007540
606647 0.000000007540
467383 0.000000007540
197054 0.000000007540
1106370 0.000000007540
459206 0.000000007540
41417 0.000000007540
459213 0.000000007540
459214 0.000000007540
459216 0.000000007540
33231 0.000000007540
1106388 0.000000007540
377303 0.000000007540
139738 0.000000007540
1106401 0.000000007540
1106406 0.000000007540
1114605 0.000000007540
8687 0.000000007540
1106418 0.000000007540
8696 0.000000007540
582139 0.000000007540
49660 0.000000007540
8699 0.000000007540
8703 0.000000007540
1114629 0.000000007540
573964 0.000000007540
238099 0.000000007540
33301 0.000000007540
33303 0.000000007540
573978 0.000000007540
90655 0.000000007540
1114664 0.000000007540
33325 0.000000007540
574009 0.000000007540
1106492 0.000000007540
57922 0.000000007540
787016 0.000000007540
1000012 0.000000007540
139865 0.000000007540
57948 0.000000007540
25181 0.000000007540
25184 0.000000007540
1131116 0.000000007540
1106547 0.000000007540
8821 0.000000007540
8832 0.000000007540
1131137 0.000000007540
33412 0.000000007540
1106568 0.000000007540
1131149 0.000000007540
1131150 0.000000007540
49811 0.000000007540
1114777 0.000000007540
1131164 0.000000007540
1131165 0.000000007540
1131167 0.000000007540
8865 0.000000007540
1131172 0.000000007540
8872 0.000000007540
107177 0.000000007540
8874 0.000000007540
8875 0.000000007540
1131180 0.000000007540
328370 0.000000007540
49843 0.000000007540
49844 0.000000007540
49847 0.000000007540
74427 0.000000007540
1106630 0.000000007540
148170 0.000000007540
950986 0.000000007540
975567 0.000000007540
99025 0.000000007540
688849 0.000000007540
99030 0.000000007540
1131223 0.000000007540
1114838 0.000000007540
1131230 0.000000007540
1131236 0.000000007540
140005 0.000000007540
49895 0.000000007540
82664 0.000000007540
82666 0.000000007540
1106671 0.000000007540
1114864 0.000000007540
41714 0.000000007540
107251 0.000000007540
107252 0.000000007540
1131257 0.000000007540
1131258 0.000000007540
1123068 0.000000007540
8961 0.000000007540
1131266 0.000000007540
1131267 0.000000007540
41732 0.000000007540
1131270 0.000000007540
90888 0.000000007540
1131274 0.000000007540
1131277 0.000000007540
1123087 0.000000007540
1131300 0.000000007540
1131301 0.000000007540
1131305 0.000000007540
1131312 0.000000007540
17201 0.000000007540
1131314 0.000000007540
574264 0.000000007540
17208 0.000000007540
238401 0.000000007540
1131334 0.000000007540
1131335 0.000000007540
197452 0.000000007540
1106764 0.000000007540
1131345 0.000000007540
1106771 0.000000007540
17242 0.000000007540
246618 0.000000007540
1131359 0.000000007540
1131360 0.000000007540
1106789 0.000000007540
656231 0.000000007540
1131374 0.000000007540
1114992 0.000000007540
1123188 0.000000007540
148341 0.000000007540
887 0.000000007540
906 0.000000007540
910 0.000000007540
263069 0.000000007540
1106849 0.000000007540
1123239 0.000000007540
936 0.000000007540
940 0.000000007540
941 0.000000007540
943 0.000000007540
148399 0.000000007540
123825 0.000000007540
1131464 0.000000007540
74698 0.000000007540
254923 0.000000007540
1131466 0.000000007540
1131471 0.000000007540
82920 0.000000007540
66556 0.000000007540
74749 0.000000007540
574462 0.000000007540
1026 0.000000007540
66563 0.000000007540
66564 0.000000007540
1033 0.000000007540
1034 0.000000007540
1035 0.000000007540
1106966 0.000000007540
33818 0.000000007540
1131549 0.000000007540
33823 0.000000007540
1131550 0.000000007540
66594 0.000000007540
1131557 0.000000007540
287787 0.000000007540
1131565 0.000000007540
107569 0.000000007540
1107010 0.000000007540
17476 0.000000007540
17477 0.000000007540
58436 0.000000007540
74821 0.000000007540
17488 0.000000007540
1131607 0.000000007540
1131611 0.000000007540
1107041 0.000000007540
25702 0.000000007540
33895 0.000000007540
263279 0.000000007540
33904 0.000000007540
1131634 0.000000007540
33907 0.000000007540
1107062 0.000000007540
1131639 0.000000007540
156794 0.000000007540
1107067 0.000000007540
853116 0.000000007540
189566 0.000000007540
1131647 0.000000007540
189571 0.000000007540
189572 0.000000007540
853118 0.000000007540
189574 0.000000007540
189577 0.000000007540
1107095 0.000000007540
197783 0.000000007540
1115291 0.000000007540
853150 0.000000007540
124064 0.000000007540
50336 0.000000007540
50337 0.000000007540
853155 0.000000007540
591016 0.000000007540
591017 0.000000007540
58540 0.000000007540
25772 0.000000007540
42156 0.000000007540
189620 0.000000007540
66751 0.000000007540
1107140 0.000000007540
1123530 0.000000007540
50381 0.000000007540
25805 0.000000007540
1131728 0.000000007540
1237 0.000000007540
1131734 0.000000007540
189655 0.000000007540
566488 0.000000007540
1139928 0.000000007540
1246 0.000000007540
42207 0.000000007540
66782 0.000000007540
1131745 0.000000007540
1123553 0.000000007540
1107171 0.000000007540
1131748 0.000000007540
42209 0.000000007540
74975 0.000000007540
1131752 0.000000007540
66794 0.000000007540
42221 0.000000007540
1115375 0.000000007540
66805 0.000000007540
574710 0.000000007540
1272 0.000000007540
1123576 0.000000007540
345340 0.000000007540
255233 0.000000007540
353541 0.000000007540
189708 0.000000007540
1107215 0.000000007540
140569 0.000000007540
189721 0.000000007540
9515 0.000000007540
156977 0.000000007540
509233 0.000000007540
116021 0.000000007540
263482 0.000000007540
263486 0.000000007540
124224 0.000000007540
1115456 0.000000007540
1140040 0.000000007540
263498 0.000000007540
189774 0.000000007540
1115471 0.000000007540
1365 0.000000007540
1385 0.000000007540
1123689 0.000000007540
9581 0.000000007540
1107312 0.000000007540
116081 0.000000007540
9586 0.000000007540
75121 0.000000007540
116084 0.000000007540
1107319 0.000000007540
116087 0.000000007540
411005 0.000000007540
566653 0.000000007540
263553 0.000000007540
509315 0.000000007540
17798 0.000000007540
58758 0.000000007540
566664 0.000000007540
124296 0.000000007540
755082 0.000000007540
1107355 0.000000007540
976284 0.000000007540
189856 0.000000007540
1107367 0.000000007540
1123756 0.000000007540
66990 0.000000007540
206259 0.000000007540
820662 0.000000007540
1107385 0.000000007540
91581 0.000000007540
509379 0.000000007540
214472 0.000000007540
1481 0.000000007540
976334 0.000000007540
34257 0.000000007540
411092 0.000000007540
34263 0.000000007540
1107418 0.000000007540
34266 0.000000007540
230879 0.000000007540
714208 0.000000007540
230884 0.000000007540
9708 0.000000007540
9716 0.000000007540
83449 0.000000007540
1107455 0.000000007540
83461 0.000000007540
1140230 0.000000007540
34315 0.000000007540
108047 0.000000007540
714256 0.000000007540
755217 0.000000007540
714260 0.000000007540
181782 0.000000007540
1115670 0.000000007540
1123867 0.000000007540
1115677 0.000000007540
714289 0.000000007540
34355 0.000000007540
1132083 0.000000007540
1115701 0.000000007540
1140289 0.000000007540
427606 0.000000007540
1123926 0.000000007540
575077 0.000000007540
1107558 0.000000007540
640617 0.000000007540
1107567 0.000000007540
1107572 0.000000007540
1132157 0.000000007540
255628 0.000000007540
1115790 0.000000007540
50838 0.000000007540
1123991 0.000000007540
1688 0.000000007540
583318 0.000000007540
59045 0.000000007540
1717 0.000000007540
206524 0.000000007540
370366 0.000000007540
132806 0.000000007540
91852 0.000000007540
91853 0.000000007540
132821 0.000000007540
1107674 0.000000007540
67292 0.000000007540
567018 0.000000007540
1115886 0.000000007540
1786 0.000000007540
1132285 0.000000007540
83725 0.000000007540
1817 0.000000007540
231198 0.000000007540
444191 0.000000007540
83746 0.000000007540
173863 0.000000007540
198443 0.000000007540
116528 0.000000007540
1115959 0.000000007540
575292 0.000000007540
173884 0.000000007540
124734 0.000000007540
1140543 0.000000007540
116545 0.000000007540
395075 0.000000007540
1140547 0.000000007540
1140548 0.000000007540
91975 0.000000007540
116552 0.000000007540
116553 0.000000007540
18251 0.000000007540
182094 0.000000007540
444240 0.000000007540
231249 0.000000007540
67415 0.000000007540
911198 0.000000007540
42847 0.000000007540
42848 0.000000007540
1132385 0.000000007540
575331 0.000000007540
100197 0.000000007540
51045 0.000000007540
141160 0.000000007540
51049 0.000000007540
59244 0.000000007540
51052 0.000000007540
83826 0.000000007540
1919 0.000000007540
1132418 0.000000007540
83847 0.000000007540
1116044 0.000000007540
1132434 0.000000007540
34708 0.000000007540
1107861 0.000000007540
75674 0.000000007540
1132443 0.000000007540
124828 0.000000007540
1949 0.000000007540
1952 0.000000007540
1953 0.000000007540
92065 0.000000007540
1955 0.000000007540
1956 0.000000007540
1959 0.000000007540
575402 0.000000007540
1132459 0.000000007540
75691 0.000000007540
1132461 0.000000007540
75693 0.000000007540
75695 0.000000007540
75694 0.000000007540
10169 0.000000007540
608191 0.000000007540
608190 0.000000007540
10177 0.000000007540
1132486 0.000000007540
10183 0.000000007540
10186 0.000000007540
1997 0.000000007540
1999 0.000000007540
272345 0.000000007540
632796 0.000000007540
51180 0.000000007540
1116146 0.000000007540
714748 0.000000007540
198653 0.000000007540
67584 0.000000007540
141324 0.000000007540
124952 0.000000007540
141342 0.000000007540
141347 0.000000007540
608292 0.000000007540
632874 0.000000007540
67633 0.000000007540
84020 0.000000007540
84021 0.000000007540
116790 0.000000007540
1050679 0.000000007540
157761 0.000000007540
608326 0.000000007540
1108050 0.000000007540
632935 0.000000007540
256106 0.000000007540
1116268 0.000000007540
157805 0.000000007540
714879 0.000000007540
346243 0.000000007540
34961 0.000000007540
18582 0.000000007540
264347 0.000000007540
1132706 0.000000007540
34979 0.000000007540
149669 0.000000007540
1116328 0.000000007540
1116336 0.000000007540
43186 0.000000007540
346292 0.000000007540
18615 0.000000007540
1116347 0.000000007540
18619 0.000000007540
1132731 0.000000007540
10430 0.000000007540
75969 0.000000007540
239810 0.000000007540
10435 0.000000007540
75972 0.000000007540
1108167 0.000000007540
1108169 0.000000007540
1108175 0.000000007540
75983 0.000000007540
198866 0.000000007540
239829 0.000000007540
714975 0.000000007540
26850 0.000000007540
190697 0.000000007540
59626 0.000000007540
190698 0.000000007540
1116397 0.000000007540
1108209 0.000000007540
190706 0.000000007540
35061 0.000000007540
633081 0.000000007540
1116410 0.000000007540
35070 0.000000007540
1132815 0.000000007540
395540 0.000000007540
395547 0.000000007540
395553 0.000000007540
10531 0.000000007540
1108267 0.000000007540
280876 0.000000007540
2354 0.000000007540
575795 0.000000007540
248119 0.000000007540
59715 0.000000007540
919885 0.000000007540
174418 0.000000007540
18773 0.000000007540
18774 0.000000007540
1132887 0.000000007540
18777 0.000000007540
174425 0.000000007540
18781 0.000000007540
100701 0.000000007540
18785 0.000000007540
1108329 0.000000007540
1116530 0.000000007540
1132922 0.000000007540
18811 0.000000007540
18812 0.000000007540
739707 0.000000007540
18815 0.000000007540
2440 0.000000007540
18832 0.000000007540
18833 0.000000007540
158098 0.000000007540
18834 0.000000007540
1132948 0.000000007540
59798 0.000000007540
1116569 0.000000007540
854434 0.000000007540
108962 0.000000007540
330148 0.000000007540
1108389 0.000000007540
108963 0.000000007540
1132968 0.000000007540
92589 0.000000007540
133550 0.000000007540
108974 0.000000007540
133553 0.000000007540
1116594 0.000000007540
108983 0.000000007540
133563 0.000000007540
133566 0.000000007540
133567 0.000000007540
1133004 0.000000007540
395725 0.000000007540
1133010 0.000000007540
1116629 0.000000007540
158172 0.000000007540
330208 0.000000007540
1133028 0.000000007540
739816 0.000000007540
84459 0.000000007540
1124844 0.000000007540
133615 0.000000007540
1133047 0.000000007540
469504 0.000000007540
649730 0.000000007540
649731 0.000000007540
649739 0.000000007540
35343 0.000000007540
68115 0.000000007540
166420 0.000000007540
207395 0.000000007540
27174 0.000000007540
10793 0.000000007540
10796 0.000000007540
141868 0.000000007540
10798 0.000000007540
436796 0.000000007540
27199 0.000000007540
428610 0.000000007540
27203 0.000000007540
117316 0.000000007540
117315 0.000000007540
1108551 0.000000007540
100935 0.000000007540
2653 0.000000007540
2654 0.000000007540
2658 0.000000007540
19045 0.000000007540
248425 0.000000007540
2665 0.000000007540
27241 0.000000007540
27243 0.000000007540
27246 0.000000007540
248431 0.000000007540
27249 0.000000007540
27250 0.000000007540
1108597 0.000000007540
43639 0.000000007540
51831 0.000000007540
51834 0.000000007540
68224 0.000000007540
2695 0.000000007540
2696 0.000000007540
2698 0.000000007540
1133196 0.000000007540
2702 0.000000007540
51866 0.000000007540
35490 0.000000007540
1116835 0.000000007540
1116839 0.000000007540
51879 0.000000007540
1116842 0.000000007540
682666 0.000000007540
1108656 0.000000007540
43698 0.000000007540
559804 0.000000007540
240321 0.000000007540
51909 0.000000007540
84695 0.000000007540
1125082 0.000000007540
1125092 0.000000007540
10981 0.000000007540
568045 0.000000007540
191216 0.000000007540
633585 0.000000007540
191222 0.000000007540
1108728 0.000000007540
510715 0.000000007540
510718 0.000000007540
273152 0.000000007540
576257 0.000000007540
109323 0.000000007540
101143 0.000000007540
101145 0.000000007540
1133338 0.000000007540
19231 0.000000007540
502574 0.000000007540
1116974 0.000000007540
682815 0.000000007540
1133390 0.000000007540
11093 0.000000007540
1108834 0.000000007540
215912 0.000000007540
1133417 0.000000007540
1108841 0.000000007540
576362 0.000000007540
68463 0.000000007540
1133428 0.000000007540
27510 0.000000007540
633721 0.000000007540
27514 0.000000007540
27530 0.000000007540
27531 0.000000007540
27535 0.000000007540
68495 0.000000007540
101263 0.000000007540
199571 0.000000007540
158614 0.000000007540
27543 0.000000007540
68505 0.000000007540
1133469 0.000000007540
641956 0.000000007540
166825 0.000000007540
191404 0.000000007540
641976 0.000000007540
592826 0.000000007540
142268 0.000000007540
592830 0.000000007540
35778 0.000000007540
35797 0.000000007540
27606 0.000000007540
27612 0.000000007540
27623 0.000000007540
27627 0.000000007540
27631 0.000000007540
134128 0.000000007540
44017 0.000000007540
27632 0.000000007540
265203 0.000000007540
289779 0.000000007540
289780 0.000000007540
289781 0.000000007540
248823 0.000000007540
1117184 0.000000007540
1125386 0.000000007540
3084 0.000000007540
3085 0.000000007540
35854 0.000000007540
35852 0.000000007540
1125393 0.000000007540
3095 0.000000007540
1109017 0.000000007540
3097 0.000000007540
3101 0.000000007540
1117219 0.000000007540
3112 0.000000007540
134199 0.000000007540
11325 0.000000007540
11326 0.000000007540
35905 0.000000007540
1117249 0.000000007540
11335 0.000000007540
11337 0.000000007540
11339 0.000000007540
134219 0.000000007540
11342 0.000000007540
166989 0.000000007540
35922 0.000000007540
1125467 0.000000007540
1125469 0.000000007540
289885 0.000000007540
93273 0.000000007540
158812 0.000000007540
592993 0.000000007540
592996 0.000000007540
928873 0.000000007540
1059953 0.000000007540
3187 0.000000007540
1125492 0.000000007540
3191 0.000000007540
3192 0.000000007540
396412 0.000000007540
593022 0.000000007540
93320 0.000000007540
3217 0.000000007540
3218 0.000000007540
3220 0.000000007540
3222 0.000000007540
3223 0.000000007540
240791 0.000000007540
175256 0.000000007540
3229 0.000000007540
3231 0.000000007540
3232 0.000000007540
3233 0.000000007540
3235 0.000000007540
3236 0.000000007540
3237 0.000000007540
1117348 0.000000007540
19621 0.000000007540
3240 0.000000007540
134307 0.000000007540
593060 0.000000007540
3243 0.000000007540
134316 0.000000007540
593068 0.000000007540
134314 0.000000007540
126128 0.000000007540
576691 0.000000007540
519353 0.000000007540
175291 0.000000007540
1109185 0.000000007540
1109199 0.000000007540
593104 0.000000007540
593105 0.000000007540
1109208 0.000000007540
1125597 0.000000007540
19697 0.000000007540
27895 0.000000007540
593155 0.000000007540
60682 0.000000007540
101660 0.000000007540
101662 0.000000007540
52515 0.000000007540
1117476 0.000000007540
36131 0.000000007540
36140 0.000000007540
36145 0.000000007540
593201 0.000000007540
85299 0.000000007540
77108 0.000000007540
77112 0.000000007540
593209 0.000000007540
593210 0.000000007540
1117501 0.000000007540
118079 0.000000007540
36162 0.000000007540
36167 0.000000007540
85324 0.000000007540
44368 0.000000007540
593240 0.000000007540
85352 0.000000007540
593260 0.000000007540
93555 0.000000007540
601462 0.000000007540
28026 0.000000007540
1109392 0.000000007540
44455 0.000000007540
101811 0.000000007540
486840 0.000000007540
175548 0.000000007540
1109439 0.000000007540
1134022 0.000000007540
85449 0.000000007540
85452 0.000000007540
576973 0.000000007540
1117653 0.000000007540
175576 0.000000007540
601561 0.000000007540
208345 0.000000007540
110041 0.000000007540
601567 0.000000007540
241133 0.000000007540
470511 0.000000007540
445938 0.000000007540
1125895 0.000000007540
552469 0.000000007540
1125909 0.000000007540
568857 0.000000007540
273949 0.000000007540
1109542 0.000000007540
28202 0.000000007540
52784 0.000000007540
650807 0.000000007540
323128 0.000000007540
93755 0.000000007540
642621 0.000000007540
577086 0.000000007540
1109566 0.000000007540
1117760 0.000000007540
650814 0.000000007540
28227 0.000000007540
28230 0.000000007540
249421 0.000000007540
1109581 0.000000007540
69198 0.000000007540
110162 0.000000007540
110163 0.000000007540
110164 0.000000007540
650834 0.000000007540
28249 0.000000007540
1117786 0.000000007540
28254 0.000000007540
52835 0.000000007540
1125992 0.000000007540
28265 0.000000007540
28267 0.000000007540
52847 0.000000007540
28278 0.000000007540
642681 0.000000007540
1126011 0.000000007540
1126012 0.000000007540
77438 0.000000007540
28287 0.000000007540
28290 0.000000007540
593544 0.000000007540
1117833 0.000000007540
1126029 0.000000007540
61069 0.000000007540
61073 0.000000007540
1126037 0.000000007540
118424 0.000000007540
1126044 0.000000007540
118435 0.000000007540
118436 0.000000007540
102061 0.000000007540
28336 0.000000007540
85688 0.000000007540
28350 0.000000007540
577227 0.000000007540
20178 0.000000007540
20180 0.000000007540
429781 0.000000007540
1117920 0.000000007540
20193 0.000000007540
28385 0.000000007540
28387 0.000000007540
93923 0.000000007540
28389 0.000000007540
167656 0.000000007540
429805 0.000000007540
642798 0.000000007540
1134320 0.000000007540
3828 0.000000007540
1117942 0.000000007540
167670 0.000000007540
28412 0.000000007540
1134346 0.000000007540
642827 0.000000007540
36620 0.000000007540
1134348 0.000000007540
69392 0.000000007540
69397 0.000000007540
118558 0.000000007540
118559 0.000000007540
200480 0.000000007540
28447 0.000000007540
642847 0.000000007540
175909 0.000000007540
28456 0.000000007540
560936 0.000000007540
69418 0.000000007540
577331 0.000000007540
28471 0.000000007540
28473 0.000000007540
446271 0.000000007540
28485 0.000000007540
28487 0.000000007540
126793 0.000000007540
28491 0.000000007540
642894 0.000000007540
28504 0.000000007540
3932 0.000000007540
184157 0.000000007540
1109873 0.000000007540
12155 0.000000007540
12158 0.000000007540
28542 0.000000007540
61312 0.000000007540
315266 0.000000007540
1118083 0.000000007540
1109891 0.000000007540
12165 0.000000007540
151430 0.000000007540
12169 0.000000007540
1118092 0.000000007540
593813 0.000000007540
12182 0.000000007540
118682 0.000000007540
12195 0.000000007540
12197 0.000000007540
12198 0.000000007540
12199 0.000000007540
1118120 0.000000007540
12210 0.000000007540
12211 0.000000007540
77758 0.000000007540
126912 0.000000007540
36802 0.000000007540
593859 0.000000007540
1109957 0.000000007540
126920 0.000000007540
954315 0.000000007540
1126350 0.000000007540
12238 0.000000007540
126927 0.000000007540
12247 0.000000007540
28632 0.000000007540
135130 0.000000007540
143323 0.000000007540
28640 0.000000007540
28641 0.000000007540
61417 0.000000007540
733167 0.000000007540
1110000 0.000000007540
815096 0.000000007540
45052 0.000000007540
1118209 0.000000007540
77826 0.000000007540
28674 0.000000007540
77829 0.000000007540
102406 0.000000007540
45061 0.000000007540
1110024 0.000000007540
593921 0.000000007540
1110028 0.000000007540
94229 0.000000007540
634902 0.000000007540
593942 0.000000007540
634904 0.000000007540
217115 0.000000007540
1118245 0.000000007540
12330 0.000000007540
20526 0.000000007540
20528 0.000000007540
12337 0.000000007540
217139 0.000000007540
987188 0.000000007540
20534 0.000000007540
127033 0.000000007540
634938 0.000000007540
12347 0.000000007540
987197 0.000000007540
12350 0.000000007540
503871 0.000000007540
503877 0.000000007540
12359 0.000000007540
503883 0.000000007540
282700 0.000000007540
1118286 0.000000007540
503893 0.000000007540
561238 0.000000007540
118873 0.000000007540
594011 0.000000007540
1118302 0.000000007540
634975 0.000000007540
1126503 0.000000007540
20584 0.000000007540
340075 0.000000007540
340078 0.000000007540
20592 0.000000007540
20593 0.000000007540
143476 0.000000007540
594039 0.000000007540
20601 0.000000007540
20602 0.000000007540
1118332 0.000000007540
372862 0.000000007540
594047 0.000000007540
45188 0.000000007540
45189 0.000000007540
307336 0.000000007540
446610 0.000000007540
643221 0.000000007540
782486 0.000000007540
12439 0.000000007540
45212 0.000000007540
643239 0.000000007540
397488 0.000000007540
4274 0.000000007540
28851 0.000000007540
1118388 0.000000007540
299195 0.000000007540
299197 0.000000007540
1110209 0.000000007540
94416 0.000000007540
561364 0.000000007540
192734 0.000000007540
4329 0.000000007540
4330 0.000000007540
4335 0.000000007540
1110256 0.000000007540
86258 0.000000007540
1061127 0.000000007540
1134865 0.000000007540
348437 0.000000007540
397590 0.000000007540
28957 0.000000007540
12576 0.000000007540
135464 0.000000007540
626999 0.000000007540
340299 0.000000007540
627024 0.000000007540
708945 0.000000007540
684372 0.000000007540
20821 0.000000007540
86359 0.000000007540
12631 0.000000007540
12638 0.000000007540
733534 0.000000007540
20833 0.000000007540
192870 0.000000007540
20850 0.000000007540
1110390 0.000000007540
20857 0.000000007540
733576 0.000000007540
1110426 0.000000007540
643485 0.000000007540
561568 0.000000007540
1110438 0.000000007540
94639 0.000000007540
94641 0.000000007540
20920 0.000000007540
143801 0.000000007540
561593 0.000000007540
20923 0.000000007540
20924 0.000000007540
1118658 0.000000007540
307656 0.000000007540
561613 0.000000007540
20942 0.000000007540
594387 0.000000007540
168410 0.000000007540
45533 0.000000007540
1110494 0.000000007540
4584 0.000000007540
1135082 0.000000007540
1110515 0.000000007540
684531 0.000000007540
1110520 0.000000007540
94713 0.000000007540
1110531 0.000000007540
1135108 0.000000007540
1135115 0.000000007540
643597 0.000000007540
1110546 0.000000007540
1135122 0.000000007540
1135125 0.000000007540
4637 0.000000007540
45599 0.000000007540
1135137 0.000000007540
1110563 0.000000007540
45603 0.000000007540
45605 0.000000007540
4649 0.000000007540
1118764 0.000000007540
1110579 0.000000007540
4660 0.000000007540
1102400 0.000000007540
1102407 0.000000007540
594511 0.000000007540
389715 0.000000007540
135765 0.000000007540
184918 0.000000007540
135766 0.000000007540
1118823 0.000000007540
1102442 0.000000007540
37483 0.000000007540
594543 0.000000007540
643695 0.000000007540
135798 0.000000007540
1118848 0.000000007540
70281 0.000000007540
561809 0.000000007540
12946 0.000000007540
152219 0.000000007540
12960 0.000000007540
152226 0.000000007540
152227 0.000000007540
37541 0.000000007540
78508 0.000000007540
78511 0.000000007540
53942 0.000000007540
4804 0.000000007540
250566 0.000000007540
78549 0.000000007540
1102550 0.000000007540
78552 0.000000007540
594649 0.000000007540
78555 0.000000007540
78557 0.000000007540
1102567 0.000000007540
94953 0.000000007540
365294 0.000000007540
1110768 0.000000007540
267003 0.000000007540
217852 0.000000007540
1135358 0.000000007540
1135368 0.000000007540
4878 0.000000007540
447250 0.000000007540
1119004 0.000000007540
1102625 0.000000007540
578337 0.000000007540
308003 0.000000007540
70441 0.000000007540
70442 0.000000007540
70444 0.000000007540
29492 0.000000007540
1102646 0.000000007540
86840 0.000000007540
62274 0.000000007540
13136 0.000000007540
144212 0.000000007540
1119078 0.000000007540
54129 0.000000007540
54131 0.000000007540
54132 0.000000007540
62329 0.000000007540
217984 0.000000007540
119686 0.000000007540
13193 0.000000007540
13195 0.000000007540
562067 0.000000007540
13205 0.000000007540
693143 0.000000007540
13208 0.000000007540
13212 0.000000007540
13213 0.000000007540
1102751 0.000000007540
119712 0.000000007540
152483 0.000000007540
1119140 0.000000007540
1110947 0.000000007540
1102761 0.000000007540
684972 0.000000007540
5038 0.000000007540
684986 0.000000007540
5055 0.000000007540
160705 0.000000007540
5062 0.000000007540
5064 0.000000007540
562123 0.000000007540
1119180 0.000000007540
5069 0.000000007540
144330 0.000000007540
1119178 0.000000007540
463825 0.000000007540
62417 0.000000007540
5075 0.000000007540
594900 0.000000007540
119761 0.000000007540
1110998 0.000000007540
13269 0.000000007540
95188 0.000000007540
5086 0.000000007540
95198 0.000000007540
521183 0.000000007540
1135589 0.000000007540
242663 0.000000007540
37879 0.000000007540
95225 0.000000007540
37884 0.000000007540
644093 0.000000007540
37888 0.000000007540
1102850 0.000000007540
1127430 0.000000007540
308232 0.000000007540
1111052 0.000000007540
29708 0.000000007540
144408 0.000000007540
1102873 0.000000007540
29723 0.000000007540
521251 0.000000007540
521252 0.000000007540
300071 0.000000007540
259126 0.000000007540
103482 0.000000007540
1119295 0.000000007540
5194 0.000000007540
1152075 0.000000007540
578645 0.000000007540
578646 0.000000007540
578649 0.000000007540
578650 0.000000007540
103515 0.000000007540
103528 0.000000007540
103529 0.000000007540
1127530 0.000000007540
103531 0.000000007540
578669 0.000000007540
37998 0.000000007540
595056 0.000000007540
38000 0.000000007540
103537 0.000000007540
103543 0.000000007540
595063 0.000000007540
1135746 0.000000007540
1135750 0.000000007540
1127558 0.000000007540
1127566 0.000000007540
1152143 0.000000007540
1111186 0.000000007540
119956 0.000000007540
1152150 0.000000007540
152731 0.000000007540
1152162 0.000000007540
513189 0.000000007540
62634 0.000000007540
1152179 0.000000007540
1111230 0.000000007540
1103038 0.000000007540
1152194 0.000000007540
636098 0.000000007540
341188 0.000000007540
1127619 0.000000007540
734406 0.000000007540
1111240 0.000000007540
95435 0.000000007540
120013 0.000000007540
193742 0.000000007540
595157 0.000000007540
578780 0.000000007540
1111265 0.000000007540
5348 0.000000007540
120039 0.000000007540
1127657 0.000000007540
644334 0.000000007540
1119471 0.000000007540
1152244 0.000000007540
595193 0.000000007540
62718 0.000000007540
1111304 0.000000007540
1152272 0.000000007540
1119505 0.000000007540
120084 0.000000007540
1152277 0.000000007540
54550 0.000000007540
1135894 0.000000007540
1135899 0.000000007540
578845 0.000000007540
1152290 0.000000007540
144679 0.000000007540
218410 0.000000007540
308529 0.000000007540
1152307 0.000000007540
1152308 0.000000007540
1103162 0.000000007540
70970 0.000000007540
38205 0.000000007540
144701 0.000000007540
169279 0.000000007540
169280 0.000000007540
644427 0.000000007540
5454 0.000000007540
578898 0.000000007540
5462 0.000000007540
13654 0.000000007540
13656 0.000000007540
644441 0.000000007540
13658 0.000000007540
95579 0.000000007540
46431 0.000000007540
644448 0.000000007540
95586 0.000000007540
95588 0.000000007540
95589 0.000000007540
1152358 0.000000007540
95594 0.000000007540
95597 0.000000007540
46452 0.000000007540
13686 0.000000007540
284023 0.000000007540
644470 0.000000007540
87417 0.000000007540
284025 0.000000007540
1152379 0.000000007540
193918 0.000000007540
128383 0.000000007540
46468 0.000000007540
210309 0.000000007540
46470 0.000000007540
1127812 0.000000007540
193931 0.000000007540
46476 0.000000007540
193932 0.000000007540
226698 0.000000007540
644494 0.000000007540
13717 0.000000007540
95642 0.000000007540
46491 0.000000007540
1152421 0.000000007540
46501 0.000000007540
1127851 0.000000007540
1152436 0.000000007540
1127863 0.000000007540
87482 0.000000007540
579008 0.000000007540
1152448 0.000000007540
161221 0.000000007540
46536 0.000000007540
1103315 0.000000007540
46547 0.000000007540
136665 0.000000007540
1119708 0.000000007540
5600 0.000000007540
644577 0.000000007540
112099 0.000000007540
1153896 0.000000007540
153063 0.000000007540
1127913 0.000000007540
1152490 0.000000007540
1152508 0.000000007540
1119742 0.000000007540
1119751 0.000000007540
1103383 0.000000007540
1103394 0.000000007540
579108 0.000000007540
390693 0.000000007540
423463 0.000000007540
218666 0.000000007540
267824 0.000000007540
1152564 0.000000007540
218682 0.000000007540
13885 0.000000007540
1111614 0.000000007540
136766 0.000000007540
136768 0.000000007540
136767 0.000000007540
38480 0.000000007540
636500 0.000000007540
13917 0.000000007540
636511 0.000000007540
259701 0.000000007540
259702 0.000000007540
1152633 0.000000007540
521855 0.000000007540
13960 0.000000007540
38537 0.000000007540
13966 0.000000007540
1152663 0.000000007540
964248 0.000000007540
13982 0.000000007540
1152673 0.000000007540
1152676 0.000000007540
71336 0.000000007540
194223 0.000000007540
1111733 0.000000007540
1136310 0.000000007540
308920 0.000000007540
259772 0.000000007540
325314 0.000000007540
1152714 0.000000007540
22229 0.000000007540
1136342 0.000000007540
1128151 0.000000007540
22241 0.000000007540
1152740 0.000000007540
390889 0.000000007540
1111788 0.000000007540
5869 0.000000007540
14062 0.000000007540
145134 0.000000007540
390896 0.000000007540
390894 0.000000007540
644843 0.000000007540
1119987 0.000000007540
1152761 0.000000007540
112378 0.000000007540
1103610 0.000000007540
562940 0.000000007540
284414 0.000000007540
300806 0.000000007540
1128198 0.000000007540
1136393 0.000000007540
390922 0.000000007540
1128204 0.000000007540
1136397 0.000000007540
1128208 0.000000007540
628500 0.000000007540
1120020 0.000000007540
145176 0.000000007540
202520 0.000000007540
202522 0.000000007540
243483 0.000000007540
1128227 0.000000007540
1136422 0.000000007540
46887 0.000000007540
751408 0.000000007540
1120049 0.000000007540
1152821 0.000000007540
1136442 0.000000007540
1120059 0.000000007540
1103676 0.000000007540
145215 0.000000007540
1128256 0.000000007540
38722 0.000000007540
399173 0.000000007540
5959 0.000000007540
177993 0.000000007540
1128267 0.000000007540
5966 0.000000007540
177998 0.000000007540
1095507 0.000000007540
1111899 0.000000007540
1128291 0.000000007540
227178 0.000000007540
87915 0.000000007540
251756 0.000000007540
22386 0.000000007540
1103737 0.000000007540
1128314 0.000000007540
325497 0.000000007540
1128319 0.000000007540
1152896 0.000000007540
1152904 0.000000007540
423816 0.000000007540
1120138 0.000000007540
1152910 0.000000007540
202639 0.000000007540
1152917 0.000000007540
22431 0.000000007540
1120169 0.000000007540
1120170 0.000000007540
1111978 0.000000007540
38829 0.000000007540
1152944 0.000000007540
1128369 0.000000007540
948147 0.000000007540
645046 0.000000007540
210871 0.000000007540
210872 0.000000007540
628667 0.000000007540
628668 0.000000007540
38845 0.000000007540
38846 0.000000007540
686015 0.000000007540
1152958 0.000000007540
79809 0.000000007540
1152959 0.000000007540
1120197 0.000000007540
79817 0.000000007540
415693 0.000000007540
686030 0.000000007540
1152975 0.000000007540
1120211 0.000000007540
227286 0.000000007540
1128407 0.000000007540
1112026 0.000000007540
645084 0.000000007540
645088 0.000000007540
145384 0.000000007540
1128425 0.000000007540
399339 0.000000007540
1153003 0.000000007540
6125 0.000000007540
1128430 0.000000007540
686061 0.000000007540
120817 0.000000007540
6130 0.000000007540
63477 0.000000007540
1153014 0.000000007540
1120252 0.000000007540
153598 0.000000007540
63486 0.000000007540
1128453 0.000000007540
6151 0.000000007540
6152 0.000000007540
1153031 0.000000007540
6155 0.000000007540
1112075 0.000000007540
628751 0.000000007540
6163 0.000000007540
6169 0.000000007540
6170 0.000000007540
260121 0.000000007540
628764 0.000000007540
628766 0.000000007540
1153056 0.000000007540
178209 0.000000007540
22563 0.000000007540
1112099 0.000000007540
22564 0.000000007540
22566 0.000000007540
6184 0.000000007540
1153065 0.000000007540
1153064 0.000000007540
194609 0.000000007540
6196 0.000000007540
194617 0.000000007540
63549 0.000000007540
6209 0.000000007540
6210 0.000000007540
1153091 0.000000007540
6213 0.000000007540
6214 0.000000007540
6215 0.000000007540
6216 0.000000007540
948299 0.000000007540
6220 0.000000007540
1153101 0.000000007540
6217 0.000000007540
96335 0.000000007540
628815 0.000000007540
6224 0.000000007540
1153106 0.000000007540
1128531 0.000000007540
194645 0.000000007540
1103960 0.000000007540
1128536 0.000000007540
6238 0.000000007540
1128542 0.000000007540
30817 0.000000007540
219239 0.000000007540
1103979 0.000000007540
55403 0.000000007540
596075 0.000000007540
350319 0.000000007540
1103985 0.000000007540
1153148 0.000000007540
1153150 0.000000007540
653441 0.000000007540
1104007 0.000000007540
1153160 0.000000007540
1153166 0.000000007540
137359 0.000000007540
1153169 0.000000007540
112787 0.000000007540
1136791 0.000000007540
628888 0.000000007540
350362 0.000000007540
1153183 0.000000007540
1104031 0.000000007540
137380 0.000000007540
350373 0.000000007540
6311 0.000000007540
1153195 0.000000007540
112813 0.000000007540
1136814 0.000000007540
1120431 0.000000007540
30895 0.000000007540
6318 0.000000007540
30901 0.000000007540
1104055 0.000000007540
1120444 0.000000007540
6334 0.000000007540
14529 0.000000007540
14531 0.000000007540
6343 0.000000007540
6344 0.000000007540
6346 0.000000007540
14545 0.000000007540
39124 0.000000007540
989397 0.000000007540
39126 0.000000007540
14549 0.000000007540
30934 0.000000007540
39127 0.000000007540
39130 0.000000007540
39131 0.000000007540
309476 0.000000007540
1153254 0.000000007540
6378 0.000000007540
1153262 0.000000007540
1153264 0.000000007540
6385 0.000000007540
1153275 0.000000007540
30973 0.000000007540
39165 0.000000007540
1112319 0.000000007540
1153280 0.000000007540
235776 0.000000007540
1153287 0.000000007540
39199 0.000000007540
88356 0.000000007540
1112369 0.000000007540
22835 0.000000007540
1120563 0.000000007540
1104182 0.000000007540
219446 0.000000007540
31043 0.000000007540
63812 0.000000007540
31055 0.000000007540
22869 0.000000007540
63832 0.000000007540
22874 0.000000007540
22875 0.000000007540
22876 0.000000007540
63835 0.000000007540
170338 0.000000007540
22883 0.000000007540
22886 0.000000007540
1112426 0.000000007540
31083 0.000000007540
72056 0.000000007540
31097 0.000000007540
31105 0.000000007540
1104258 0.000000007540
1120643 0.000000007540
1104261 0.000000007540
1128839 0.000000007540
104840 0.000000007540
1120650 0.000000007540
6539 0.000000007540
1128846 0.000000007540
801170 0.000000007540
293271 0.000000007540
1128856 0.000000007540
563613 0.000000007540
1128868 0.000000007540
293285 0.000000007540
63915 0.000000007540
1104300 0.000000007540
1128881 0.000000007540
63931 0.000000007540
645571 0.000000007540
686532 0.000000007540
1120713 0.000000007540
47570 0.000000007540
358866 0.000000007540
14807 0.000000007540
55770 0.000000007540
1120731 0.000000007540
686559 0.000000007540
1128927 0.000000007540
358884 0.000000007540
694759 0.000000007540
211432 0.000000007540
1128935 0.000000007540
358887 0.000000007540
39403 0.000000007540
358894 0.000000007540
6639 0.000000007540
440815 0.000000007540
1128945 0.000000007540
1128946 0.000000007540
1128943 0.000000007540
55801 0.000000007540
1104379 0.000000007540
1112574 0.000000007540
1128959 0.000000007540
1120777 0.000000007540
1128974 0.000000007540
1128975 0.000000007540
1128977 0.000000007540
1128978 0.000000007540
129558 0.000000007540
154134 0.000000007540
1128982 0.000000007540
1128985 0.000000007540
23070 0.000000007540
1128990 0.000000007540
178718 0.000000007540
1128997 0.000000007540
178727 0.000000007540
1153577 0.000000007540
1129015 0.000000007540
1129018 0.000000007540
137790 0.000000007540
1104449 0.000000007540
47682 0.000000007540
1129027 0.000000007540
47684 0.000000007540
47683 0.000000007540
23116 0.000000007540
96845 0.000000007540
195150 0.000000007540
96851 0.000000007540
6741 0.000000007540
1112665 0.000000007540
1120858 0.000000007540
105057 0.000000007540
1120866 0.000000007540
31336 0.000000007540
948846 0.000000007540
6767 0.000000007540
1112686 0.000000007540
1104495 0.000000007540
6771 0.000000007540
31349 0.000000007540
6775 0.000000007540
318071 0.000000007540
137849 0.000000007540
31353 0.000000007540
6782 0.000000007540
6784 0.000000007540
6786 0.000000007540
1129096 0.000000007540
137868 0.000000007540
137873 0.000000007540
1129106 0.000000007540
1112723 0.000000007540
1129111 0.000000007540
359067 0.000000007540
6814 0.000000007540
55968 0.000000007540
6818 0.000000007540
1153703 0.000000007540
1153724 0.000000007540
1112767 0.000000007540
1153728 0.000000007540
1120962 0.000000007540
416455 0.000000007540
1153736 0.000000007540
72406 0.000000007540
23258 0.000000007540
15076 0.000000007540
645870 0.000000007540
6898 0.000000007540
31479 0.000000007540
1129208 0.000000007540
1153784 0.000000007540
1153786 0.000000007540
31483 0.000000007540
6910 0.000000007540
6913 0.000000007540
31489 0.000000007540
523010 0.000000007540
6917 0.000000007540
1104647 0.000000007540
645897 0.000000007540
6923 0.000000007540
6925 0.000000007540
277263 0.000000007540
64271 0.000000007540
342802 0.000000007540
1153811 0.000000007540
6935 0.000000007540
1153816 0.000000007540
1129243 0.000000007540
6941 0.000000007540
195361 0.000000007540
1121057 0.000000007540
1121063 0.000000007540
252715 0.000000007540
170798 0.000000007540
56112 0.000000007540
56115 0.000000007540
375605 0.000000007540
56119 0.000000007540
1137466 0.000000007540
1153853 0.000000007540
1153860 0.000000007540
1153861 0.000000007540
219976 0.000000007540
1153866 0.000000007540
1112911 0.000000007540
1153877 0.000000007540
1153879 0.000000007540
1063773 0.000000007540
654177 0.000000007540
1112929 0.000000007540
1153891 0.000000007540
1153889 0.000000007540
56167 0.000000007540
129896 0.000000007540
129897 0.000000007540
162664 0.000000007540
1153897 0.000000007540
1071981 0.000000007540
7022 0.000000007540
1153899 0.000000007540
1153900 0.000000007540
260979 0.000000007540
7032 0.000000007540
990075 0.000000007540
203646 0.000000007540
1104769 0.000000007540
1153922 0.000000007540
7047 0.000000007540
1153933 0.000000007540
662416 0.000000007540
1104787 0.000000007540
1153942 0.000000007540
1153943 0.000000007540
23448 0.000000007540
1153945 0.000000007540
1121176 0.000000007540
1129367 0.000000007540
1129368 0.000000007540
1129369 0.000000007540
211875 0.000000007540
711598 0.000000007540
261040 0.000000007540
211906 0.000000007540
48066 0.000000007540
1113035 0.000000007540
48075 0.000000007540
23502 0.000000007540
39890 0.000000007540
23507 0.000000007540
1104851 0.000000007540
187354 0.000000007540
39904 0.000000007540
949217 0.000000007540
1129442 0.000000007540
1129443 0.000000007540
64484 0.000000007540
400356 0.000000007540
1121254 0.000000007540
285675 0.000000007540
179180 0.000000007540
695284 0.000000007540
285687 0.000000007540
1022969 0.000000007540
1154042 0.000000007540
64519 0.000000007540
1154068 0.000000007540
1154076 0.000000007540
613409 0.000000007540
1129518 0.000000007540
646195 0.000000007540
1154103 0.000000007540
15429 0.000000007540
949318 0.000000007540
15431 0.000000007540
1154123 0.000000007540
1154124 0.000000007540
293974 0.000000007540
400473 0.000000007540
1113182 0.000000007540
97377 0.000000007540
1129570 0.000000007540
416867 0.000000007540
1129572 0.000000007540
1129573 0.000000007540
1104999 0.000000007540
97390 0.000000007540
1105011 0.000000007540
1121398 0.000000007540
31863 0.000000007540
1154169 0.000000007540
1154176 0.000000007540
523394 0.000000007540
1129608 0.000000007540
1105033 0.000000007540
1129610 0.000000007540
646286 0.000000007540
294030 0.000000007540
1129621 0.000000007540
1129629 0.000000007540
1105062 0.000000007540
1121459 0.000000007540
1154229 0.000000007540
1154230 0.000000007540
31927 0.000000007540
1154232 0.000000007540
1154233 0.000000007540
23738 0.000000007540
31932 0.000000007540
40124 0.000000007540
40125 0.000000007540
335042 0.000000007540
40131 0.000000007540
40135 0.000000007540
1154251 0.000000007540
72908 0.000000007540
195792 0.000000007540
1129683 0.000000007540
40151 0.000000007540
236759 0.000000007540
171225 0.000000007540
1105116 0.000000007540
89308 0.000000007540
23774 0.000000007540
1154276 0.000000007540
892139 0.000000007540
89335 0.000000007540
417017 0.000000007540
7419 0.000000007540
1105148 0.000000007540
1121537 0.000000007540
220420 0.000000007540
7430 0.000000007540
949511 0.000000007540
7432 0.000000007540
785678 0.000000007540
1031453 0.000000007540
1129778 0.000000007540
523574 0.000000007540
1105221 0.000000007540
1129798 0.000000007540
1105231 0.000000007540
32083 0.000000007540
1113438 0.000000007540
294239 0.000000007540
154982 0.000000007540
97645 0.000000007540
1113459 0.000000007540
1138043 0.000000007540
1121659 0.000000007540
884094 0.000000007540
105856 0.000000007540
56708 0.000000007540
56709 0.000000007540
105865 0.000000007540
1154459 0.000000007540
163235 0.000000007540
48550 0.000000007540
105899 0.000000007540
1138091 0.000000007540
1129907 0.000000007540
73146 0.000000007540
1105344 0.000000007540
1154500 0.000000007540
81350 0.000000007540
73162 0.000000007540
89547 0.000000007540
1121739 0.000000007540
1113551 0.000000007540
1105360 0.000000007540
703953 0.000000007540
310742 0.000000007540
1154520 0.000000007540
24043 0.000000007540
1105394 0.000000007540
32260 0.000000007540
1129994 0.000000007540
114189 0.000000007540
1113614 0.000000007540
15889 0.000000007540
1105428 0.000000007540
15892 0.000000007540
32276 0.000000007540
1105433 0.000000007540
65057 0.000000007540
671269 0.000000007540
245288 0.000000007540
1105450 0.000000007540
65074 0.000000007540
671293 0.000000007540
1121867 0.000000007540
360028 0.000000007540
1105505 0.000000007540
97892 0.000000007540
73323 0.000000007540
73327 0.000000007540
15984 0.000000007540
15987 0.000000007540
1105530 0.000000007540
1105531 0.000000007540
48764 0.000000007540
48766 0.000000007540
48768 0.000000007540
114308 0.000000007540
40583 0.000000007540
16008 0.000000007540
1113739 0.000000007540
48781 0.000000007540
1113742 0.000000007540
646809 0.000000007540
40605 0.000000007540
1105574 0.000000007540
646836 0.000000007540
646837 0.000000007540
65212 0.000000007540
1105603 0.000000007540
1113831 0.000000007540
646900 0.000000007540
1113852 0.000000007540
646913 0.000000007540
270085 0.000000007540
1105672 0.000000007540
57119 0.000000007540
1105698 0.000000007540
286500 0.000000007540
950052 0.000000007540
212777 0.000000007540
368431 0.000000007540
286513 0.000000007540
81714 0.000000007540
1105718 0.000000007540
81722 0.000000007540
237376 0.000000007540
1113926 0.000000007540
1113934 0.000000007540
286562 0.000000007540
1105764 0.000000007540
1130356 0.000000007540
1113995 0.000000007540
8079 0.000000007540
1105810 0.000000007540
188318 0.000000007540
32688 0.000000007540
237489 0.000000007540
171954 0.000000007540
40886 0.000000007540
212930 0.000000007540
237521 0.000000007540
24530 0.000000007540
40922 0.000000007540
262108 0.000000007540
368605 0.000000007540
1105887 0.000000007540
131042 0.000000007540
262121 0.000000007540
917493 0.000000007540
409725 0.000000001009
8591 0.000000001009
8594 0.000000001009
8766 0.000000001009
25413 0.000000001009
1213 0.000000001009
1131719 0.000000001009
1132809 0.000000001009
11148 0.000000001009
232605 0.000000001009
232606 0.000000001009
167205 0.000000001009
348305 0.000000001009
193347 0.000000001009
193352 0.000000001009
193354 0.000000001009
612306 0.000000001009
1129835 0.000000001009
1154525 0.000000001009
180187 0.000000001009
762980 0.000000001004
763009 0.000000001004
763010 0.000000001004
763181 0.000000001004
756061 0.000000001004
1136110 0.000000001004
1136446 0.000000001004
1136447 0.000000001004
1136449 0.000000001004
7272 0.000000001004
7276 0.000000001004
7297 0.000000001004
7296 0.000000001004
57773 0.000000001003
689439 0.000000001003
34082 0.000000001003
616336 0.000000001003
1119216 0.000000001003
1103031 0.000000001003
14428 0.000000001003
14429 0.000000001003
14431 0.000000001003
14430 0.000000001003
1103969 0.000000001003
235670 0.000000001003
235678 0.000000001003
235679 0.000000001003
235683 0.000000001003
73119 0.000000001003
1154524 0.000000001003
57764 0.000000001002
16843 0.000000001002
1131198 0.000000001002
312409 0.000000001002
18770 0.000000001002
52000 0.000000001002
52003 0.000000001002
52007 0.000000001002
35863 0.000000001002
1117618 0.000000001002
28359 0.000000001002
216877 0.000000001002
216878 0.000000001002
307015 0.000000001002
643199 0.000000001002
561611 0.000000001002
62676 0.000000001002
1152259 0.000000001002
46500 0.000000001002
767763 0.000000001002
1152991 0.000000001002
1136631 0.000000001002
1136634 0.000000001002
71736 0.000000001002
1112194 0.000000001002
334153 0.000000001002
711527 0.000000001002
1104809 0.000000001002
753047 0.000000001002
753070 0.000000001002
753265 0.000000001002
753264 0.000000001002
335733 0.000000001002
73712 0.000000001002
1114184 0.000000001001
180373 0.000000001001
180399 0.000000001001
1114364 0.000000001001
1139195 0.000000001001
385572 0.000000001001
746058 0.000000001001
1131184 0.000000001001
582343 0.000000001001
582349 0.000000001001
99023 0.000000001001
1123215 0.000000001001
58268 0.000000001001
1131421 0.000000001001
1131420 0.000000001001
648106 0.000000001001
648112 0.000000001001
648121 0.000000001001
648232 0.000000001001
74920 0.000000001001
74921 0.000000001001
189623 0.000000001001
58552 0.000000001001
74937 0.000000001001
25794 0.000000001001
1131741 0.000000001001
9559 0.000000001001
288107 0.000000001001
66982 0.000000001001
66986 0.000000001001
149139 0.000000001001
67245 0.000000001001
67246 0.000000001001
1132416 0.000000001001
739280 0.000000001001
1132505 0.000000001001
18532 0.000000001001
239800 0.000000001001
1108258 0.000000001001
1132857 0.000000001001
289088 0.000000001001
1132864 0.000000001001
1108363 0.000000001001
682508 0.000000001001
248395 0.000000001001
100961 0.000000001001
649944 0.000000001001
1116922 0.000000001001
60159 0.000000001001
60169 0.000000001001
60170 0.000000001001
1125402 0.000000001001
592973 0.000000001001
576725 0.000000001001
1133846 0.000000001001
683294 0.000000001001
683360 0.000000001001
159084 0.000000001001
159085 0.000000001001
593329 0.000000001001
118259 0.000000001001
1125944 0.000000001001
421481 0.000000001001
69284 0.000000001001
77515 0.000000001001
675649 0.000000001001
626530 0.000000001001
626531 0.000000001001
642920 0.000000001001
642930 0.000000001001
626574 0.000000001001
126867 0.000000001001
126868 0.000000001001
675756 0.000000001001
200630 0.000000001001
675847 0.000000001001
159897 0.000000001001
241821 0.000000001001
430329 0.000000001001
28964 0.000000001001
315789 0.000000001001
561581 0.000000001001
561582 0.000000001001
561595 0.000000001001
561610 0.000000001001
102884 0.000000001001
102939 0.000000001001
430711 0.000000001001
643735 0.000000001001
13024 0.000000001001
578306 0.000000001001
578365 0.000000001001
4983 0.000000001001
86923 0.000000001001
127940 0.000000001001
1102794 0.000000001001
1119211 0.000000001001
521207 0.000000001001
46079 0.000000001001
78994 0.000000001001
111770 0.000000001001
1103016 0.000000001001
644361 0.000000001001
644363 0.000000001001
1119623 0.000000001001
95718 0.000000001001
1152569 0.000000001001
243274 0.000000001001
1152711 0.000000001001
14083 0.000000001001
14090 0.000000001001
1120084 0.000000001001
145315 0.000000001001
1128437 0.000000001001
399370 0.000000001001
1112071 0.000000001001
129042 0.000000001001
129045 0.000000001001
1112106 0.000000001001
899119 0.000000001001
522338 0.000000001001
71904 0.000000001001
39210 0.000000001001
645452 0.000000001001
154023 0.000000001001
154047 0.000000001001
367312 0.000000001001
137956 0.000000001001
318187 0.000000001001
662279 0.000000001001
6939 0.000000001001
252725 0.000000001001
64319 0.000000001001
1154012 0.000000001001
654326 0.000000001001
23546 0.000000001001
654339 0.000000001001
375825 0.000000001001
31769 0.000000001001
1121313 0.000000001001
212097 0.000000001001
212107 0.000000001001
416964 0.000000001001
294126 0.000000001001
646440 0.000000001001
1138027 0.000000001001
310653 0.000000001001
7867 0.000000001001
1113828 0.000000001001
1105877 0.000000001001
1130454 0.000000001001
851968 0.000000001000
368657 0.000000001000
180301 0.000000001000
245955 0.000000001000
73972 0.000000001000
114966 0.000000001000
1139009 0.000000001000
115188 0.000000001000
49720 0.000000001000
49753 0.000000001000
1131163 0.000000001000
656048 0.000000001000
1131189 0.000000001000
1131192 0.000000001000
688824 0.000000001000
1131195 0.000000001000
41666 0.000000001000
1123093 0.000000001000
1131330 0.000000001000
582511 0.000000001000
1131414 0.000000001000
230300 0.000000001000
754594 0.000000001000
943087 0.000000001000
689152 0.000000001000
164885 0.000000001000
1123493 0.000000001000
648369 0.000000001000
1131754 0.000000001000
9513 0.000000001000
1131828 0.000000001000
1107325 0.000000001000
17821 0.000000001000
820661 0.000000001000
321004 0.000000001000
1140231 0.000000001000
206371 0.000000001000
1132073 0.000000001000
50807 0.000000001000
1694 0.000000001000
779960 0.000000001000
354004 0.000000001000
157401 0.000000001000
567005 0.000000001000
1107728 0.000000001000
116512 0.000000001000
50980 0.000000001000
1107808 0.000000001000
1132406 0.000000001000
1116181 0.000000001000
43165 0.000000001000
633030 0.000000001000
633031 0.000000001000
289085 0.000000001000
321861 0.000000001000
272720 0.000000001000
1133008 0.000000001000
1124837 0.000000001000
133628 0.000000001000
1108570 0.000000001000
27230 0.000000001000
2663 0.000000001000
387795 0.000000001000
1117049 0.000000001000
1125258 0.000000001000
1117089 0.000000001000
617378 0.000000001000
134060 0.000000001000
592975 0.000000001000
44121 0.000000001000
592986 0.000000001000
617575 0.000000001000
60560 0.000000001000
519318 0.000000001000
593091 0.000000001000
576795 0.000000001000
683355 0.000000001000
593248 0.000000001000
1133930 0.000000001000
683404 0.000000001000
232860 0.000000001000
593328 0.000000001000
380341 0.000000001000
1134031 0.000000001000
1134056 0.000000001000
118260 0.000000001000
1125906 0.000000001000
642593 0.000000001000
1125953 0.000000001000
1125993 0.000000001000
1134197 0.000000001000
593559 0.000000001000
593560 0.000000001000
69296 0.000000001000
814836 0.000000001000
1118017 0.000000001000
1126315 0.000000001000
643003 0.000000001000
643069 0.000000001000
249858 0.000000001000
594025 0.000000001000
1118347 0.000000001000
151708 0.000000001000
594119 0.000000001000
610529 0.000000001000
12558 0.000000001000
520471 0.000000001000
143676 0.000000001000
192850 0.000000001000
1118546 0.000000001000
4553 0.000000001000
102879 0.000000001000
20972 0.000000001000
430574 0.000000001000
709113 0.000000001000
102938 0.000000001000
594483 0.000000001000
1110628 0.000000001000
643734 0.000000001000
643777 0.000000001000
1102548 0.000000001000
447224 0.000000001000
578309 0.000000001000
529165 0.000000001000
578347 0.000000001000
545647 0.000000001000
62333 0.000000001000
62347 0.000000001000
709518 0.000000001000
1110950 0.000000001000
62389 0.000000001000
824245 0.000000001000
242637 0.000000001000
29738 0.000000001000
521269 0.000000001000
431206 0.000000001000
62607 0.000000001000
128202 0.000000001000
128203 0.000000001000
111866 0.000000001000
87363 0.000000001000
1135955 0.000000001000
1127810 0.000000001000
1152394 0.000000001000
1119654 0.000000001000
1136040 0.000000001000
1119671 0.000000001000
95719 0.000000001000
128540 0.000000001000
54844 0.000000001000
628458 0.000000001000
628459 0.000000001000
1128201 0.000000001000
1120019 0.000000001000
481073 0.000000001000
1152858 0.000000001000
38771 0.000000001000
645016 0.000000001000
604073 0.000000001000
38839 0.000000001000
899085 0.000000001000
735303 0.000000001000
219218 0.000000001000
735311 0.000000001000
129287 0.000000001000
653628 0.000000001000
1104191 0.000000001000
1112417 0.000000001000
72101 0.000000001000
1137140 0.000000001000
1120786 0.000000001000
39474 0.000000001000
1104435 0.000000001000
1129021 0.000000001000
907845 0.000000001000
96847 0.000000001000
1129040 0.000000001000
1120880 0.000000001000
817774 0.000000001000
47839 0.000000001000
662250 0.000000001000
1104749 0.000000001000
187260 0.000000001000
7041 0.000000001000
531348 0.000000001000
531351 0.000000001000
1153946 0.000000001000
121792 0.000000001000
621555 0.000000001000
23545 0.000000001000
1113084 0.000000001000
1129494 0.000000001000
1154071 0.000000001000
662572 0.000000001000
752684 0.000000001000
1104946 0.000000001000
400455 0.000000001000
72805 0.000000001000
1154173 0.000000001000
654519 0.000000001000
646334 0.000000001000
646357 0.000000001000
310530 0.000000001000
294145 0.000000001000
646412 0.000000001000
449841 0.000000001000
408885 0.000000001000
15670 0.000000001000
711994 0.000000001000
671052 0.000000001000
384428 0.000000001000
1113541 0.000000001000
302545 0.000000001000
1130069 0.000000001000
1130080 0.000000001000
228990 0.000000001000
228992 0.000000001000
155277 0.000000001000
458439 0.000000001000
1105622 0.000000001000
1130243 0.000000001000
376704 0.000000001000
32698 0.000000001000
1138619 0.000000001000
