35 0.004921565808
1365 0.003589433906
3229 0.003038909930
6213 0.002641911771
4330 0.002213500059
910 0.002211574466
3231 0.001978945516
683355 0.001960931076
683404 0.001868255864
1123530 0.001690200537
20193 0.001672665699
39210 0.001584553145
114 0.001533211434
578347 0.001506362123
1128437 0.001452812440
22876 0.001427919867
578309 0.001425461164
521269 0.001411717491
1481 0.001376647787
1111240 0.001351026968
87363 0.001341350804
561581 0.001299495262
69296 0.001296771255
411005 0.001285517402
1127851 0.001267197042
1120084 0.001252054115
205196 0.001250796684
206371 0.001248887454
192850 0.001230959419
17476 0.001229448445
1272 0.001225885881
272720 0.001221595544
592975 0.001219326259
5064 0.001219111727
1132505 0.001208298303
593328 0.001207629673
358894 0.001204709458
1125993 0.001203229052
134316 0.001195487263
31353 0.001194289071
19621 0.001190611892
6214 0.001177619839
1128935 0.001176853534
6913 0.001171245262
592986 0.001170141755
431206 0.001164154845
8703 0.001162104338
9513 0.001157248164
32698 0.001151186859
289085 0.001130625874
593091 0.001125536334
2440 0.001124311178
6334 0.001123647122
662572 0.001122100733
2665 0.001121238163
66794 0.001107917510
2654 0.001099462198
449841 0.001097821883
246618 0.001095720983
1113459 0.001093629679
3220 0.001093314790
108047 0.001090703148
689152 0.001088704880
399370 0.001085042824
12182 0.001084541489
142268 0.001071890935
194617 0.001071493752
385572 0.001070315350
582343 0.001068717086
643069 0.001055534000
1107312 0.001050561953
12247 0.001040560177
102879 0.001029822193
645016 0.001020710258
95719 0.001016358013
1128227 0.001007945627
1127812 0.001005432579
148399 0.001005093055
110164 0.000998107663
593248 0.000974289429
111866 0.000970417835
372862 0.000960351422
1104258 0.000954822766
1123093 0.000952114395
2696 0.000951635247
60159 0.000941888819
249858 0.000941058378
10796 0.000940988551
189774 0.000933199198
2658 0.000931603877
127940 0.000929874039
96847 0.000927754899
5348 0.000922509479
1131192 0.000918285850
763181 0.000899557500
82920 0.000898843244
7419 0.000896867173
1154071 0.000890445196
1117920 0.000887371838
1153811 0.000878726791
219239 0.000868848002
1122642 0.000868456524
1107171 0.000868120568
1102646 0.000865909571
1119471 0.000865022343
8821 0.000857675358
1125992 0.000857475422
682666 0.000855584609
91581 0.000854222568
578646 0.000850898001
35922 0.000850877711
272345 0.000849242959
84021 0.000845637618
79809 0.000844514775
1110579 0.000841921842
96845 0.000839974966
33303 0.000839284844
66982 0.000836718309
576795 0.000835310341
887 0.000831166422
2653 0.000830520754
1140543 0.000829847560
753047 0.000825844059
154982 0.000824091842
1128856 0.000824073255
387795 0.000823911336
128540 0.000823911336
1115291 0.000820114790
1125393 0.000817324284
594025 0.000816063725
10169 0.000814222615
348437 0.000812375987
593210 0.000811242872
1125092 0.000808515708
75969 0.000808192616
4584 0.000807517504
180399 0.000804871120
1123068 0.000804462878
118436 0.000801152752
3191 0.000800110453
1120731 0.000798054758
1114502 0.000797781553
66986 0.000797290311
110163 0.000795407473
34263 0.000795323345
385067 0.000795075676
16471 0.000793898671
656048 0.000793833996
66990 0.000792616450
310530 0.000791859010
1117618 0.000791479813
2695 0.000789713824
1131464 0.000788396128
1115790 0.000788377740
65653 0.000788175485
126927 0.000787999929
86840 0.000787434955
892139 0.000786571522
1105450 0.000785813402
345340 0.000781758161
242637 0.000781680896
24966 0.000781306997
118260 0.000779537212
1121569 0.000778579687
230300 0.000776309581
116553 0.000772560192
34257 0.000770528908
1152714 0.000769367873
27230 0.000768432698
12576 0.000768254209
643734 0.000764265320
143676 0.000761648271
102938 0.000761648271
110162 0.000761437502
1129572 0.000760768955
1104851 0.000755609817
567005 0.000754926808
38839 0.000754438497
22229 0.000750874289
1153945 0.000748177707
1136446 0.000746904737
39127 0.000745671923
1127566 0.000745276768
1026 0.000742396407
1128201 0.000742115311
95589 0.000740808118
1111304 0.000740383100
57948 0.000739914443
6910 0.000737932838
395547 0.000736934143
91853 0.000735121843
39474 0.000727783835
193932 0.000725047108
582511 0.000724303552
545647 0.000724303552
686532 0.000723630150
82087 0.000722273202
25805 0.000721354675
1104379 0.000720593970
1102761 0.000720309509
1114992 0.000719014521
123825 0.000718569756
65650 0.000716434221
289780 0.000713990571
6238 0.000713417808
1116922 0.000713005889
40125 0.000709260927
1131828 0.000708925849
1104647 0.000708400276
62274 0.000707646951
23507 0.000706718317
1155073 0.000706297553
31932 0.000705916768
8875 0.000705549021
86359 0.000702495779
646334 0.000701719683
646357 0.000701719683
18834 0.000701540694
136766 0.000701329805
34266 0.000699240901
1113541 0.000699197500
89547 0.000697551355
1134346 0.000697391596
593942 0.000696957375
592830 0.000695197122
66563 0.000695001310
1034 0.000694423524
561582 0.000693645445
31863 0.000692749254
28254 0.000689941521
1694 0.000689792772
85352 0.000689355696
20924 0.000689294959
6741 0.000689188676
23545 0.000688606263
45189 0.000685866349
643777 0.000685279952
675649 0.000684989067
459214 0.000684671743
28964 0.000684647198
130 0.000684562744
1717 0.000681681574
367312 0.000681105810
3218 0.000680495379
531348 0.000680429261
531351 0.000680429261
5966 0.000679885679
1116410 0.000678725324
562067 0.000678608944
1129835 0.000678328561
1127810 0.000677805937
46491 0.000676228754
1112319 0.000674259702
129045 0.000674046811
1136447 0.000672250508
285675 0.000669609291
429805 0.000667449008
1136631 0.000667430162
711527 0.000667141638
1119623 0.000664697194
144701 0.000664245569
643221 0.000663315683
33818 0.000663258373
628764 0.000662775749
88356 0.000660298796
103515 0.000659831539
1131728 0.000659299836
90655 0.000658775901
86923 0.000658573702
1121603 0.000658177991
447224 0.000656106036
133566 0.000656011868
315789 0.000655167485
582349 0.000654977922
1114777 0.000653577315
31769 0.000653079667
899119 0.000653061968
127033 0.000652691725
6925 0.000651575323
47682 0.000650833822
20528 0.000650443367
171954 0.000648356037
273949 0.000647669142
187354 0.000647490644
6385 0.000646544995
56167 0.000643862888
5055 0.000643528337
1121867 0.000641556786
1132461 0.000640191468
164885 0.000638766681
141171 0.000637350313
284025 0.000637335333
300071 0.000636843891
1107067 0.000635777217
3112 0.000634477570
227286 0.000634408560
1125909 0.000634297230
40124 0.000633215104
1104809 0.000632968207
424 0.000632780714
16819 0.000632460285
1688 0.000632075631
72101 0.000632008456
714879 0.000631572687
763009 0.000630254157
16485 0.000629696039
1129015 0.000629105909
57119 0.000627948632
20972 0.000626574560
1105877 0.000626164023
591017 0.000625955008
653441 0.000625641431
315266 0.000624695755
41666 0.000623791179
911198 0.000620961767
134128 0.000620859923
3243 0.000620779585
6539 0.000620759148
49844 0.000619632507
210871 0.000619444916
63812 0.000618925256
65074 0.000618553938
8872 0.000617567907
63486 0.000617493146
157761 0.000617490357
1129994 0.000616995041
1106052 0.000616338632
1131549 0.000615819139
73327 0.000615217625
28202 0.000612905868
708945 0.000612131696
12960 0.000611947251
1125469 0.000611255465
735303 0.000608804857
519353 0.000606287824
13024 0.000605607557
767763 0.000604328209
47684 0.000604115304
60169 0.000602801758
54129 0.000601234827
12195 0.000600966109
763010 0.000600190880
1131719 0.000599212450
693143 0.000598876658
628751 0.000596959927
13717 0.000596739646
23070 0.000596315315
190697 0.000595451731
6130 0.000595187968
1131236 0.000593924193
646440 0.000593656651
129042 0.000593165348
395725 0.000593031353
321861 0.000592312448
27199 0.000591124412
23258 0.000589752196
5600 0.000589463089
39126 0.000588915246
38829 0.000588509822
1118658 0.000588341475
644470 0.000587821679
157401 0.000587775715
184918 0.000587756949
671052 0.000586497524
28350 0.000584945300
208345 0.000583925661
4804 0.000581811070
5069 0.000581632094
671269 0.000580343824
1118347 0.000579462941
949217 0.000579359828
1103162 0.000578599478
61069 0.000578078415
6935 0.000577486329
35797 0.000576072799
30901 0.000575557599
1116181 0.000575115707
75695 0.000573193398
801170 0.000573181701
943087 0.000572887009
3222 0.000572535064
1120138 0.000571803926
1113742 0.000570795482
334153 0.000570649158
139865 0.000569667988
39890 0.000568625481
12165 0.000568156438
593240 0.000567817817
709113 0.000567346483
593559 0.000566998463
593560 0.000566998463
1153891 0.000566996294
6814 0.000566920895
13212 0.000565587928
62347 0.000565332117
137868 0.000564829228
1103315 0.000563002455
230879 0.000562250294
695284 0.000561477212
735311 0.000560899321
131318 0.000560168469
1120444 0.000559427014
1102751 0.000558975286
964248 0.000558771208
8224 0.000558565160
134060 0.000558166589
3233 0.000558099007
22874 0.000557900767
57764 0.000557684000
445938 0.000557282852
1105505 0.000557216246
644494 0.000556988565
1109581 0.000556135111
91975 0.000556117890
628500 0.000554980793
1120563 0.000554625430
590022 0.000554615086
6767 0.000554442063
15429 0.000552027506
216878 0.000551772834
4329 0.000551767582
95188 0.000550822963
1153003 0.000550553342
307336 0.000550320823
1107095 0.000549759056
94713 0.000548650274
567018 0.000548092088
52784 0.000547875740
1117089 0.000547702171
3101 0.000547670555
10531 0.000547604360
22883 0.000546832710
240321 0.000546686537
1131277 0.000546519492
33231 0.000546211224
1135115 0.000544341095
162080 0.000544121199
1118017 0.000544069789
107252 0.000543796013
1132406 0.000543053263
27623 0.000542893791
28447 0.000541759476
6209 0.000541103924
77438 0.000540503325
1997 0.000540304964
95586 0.000539976699
8079 0.000539294985
1103031 0.000539138097
15889 0.000538475439
75121 0.000537933640
503883 0.000536536940
646913 0.000535300184
675847 0.000535032687
1112099 0.000534299521
17208 0.000533808271
1123215 0.000533395322
9559 0.000533395322
1112071 0.000533395322
1131198 0.000532713736
1129621 0.000532677369
159897 0.000532473307
57922 0.000532308947
3084 0.000531585119
1110546 0.000531217112
341188 0.000530695799
1108267 0.000530362984
1132443 0.000529738641
101143 0.000529337981
40151 0.000528912590
459216 0.000528695655
1134031 0.000527731944
6941 0.000527636160
1135899 0.000527415086
4335 0.000527150051
1110998 0.000526921492
644448 0.000526499938
62333 0.000526117448
7276 0.000525547753
156977 0.000525281103
45605 0.000524820270
568045 0.000524508631
103543 0.000523219281
389715 0.000522288709
1118245 0.000521637956
1130676 0.000520923601
851968 0.000520749237
481073 0.000520389776
73162 0.000520063390
1110563 0.000519845762
13885 0.000519593596
1118092 0.000519220050
75983 0.000517488622
38845 0.000517302908
1114239 0.000516822132
31927 0.000516394159
193931 0.000516351996
6163 0.000515453851
235679 0.000515351366
1956 0.000515151317
1131116 0.000513817898
1154012 0.000513562953
1114192 0.000513488504
51834 0.000512823225
13960 0.000511213166
51909 0.000511172258
33895 0.000510956026
28387 0.000510831735
202639 0.000510022201
20526 0.000509112615
1130915 0.000508852763
70970 0.000508345057
634975 0.000508070649
22875 0.000507732127
1110209 0.000507553625
48075 0.000506851587
13686 0.000506678599
1119751 0.000506278176
289781 0.000506118404
509379 0.000506081650
6318 0.000505436807
577331 0.000504501696
4660 0.000504284522
1120643 0.000503684162
1107567 0.000503583830
1113934 0.000502555952
12199 0.000502078557
1126044 0.000501822177
1108363 0.000501651151
1121313 0.000501651151
601462 0.000501581535
14429 0.000500625185
314459 0.000500446667
81350 0.000499686954
151708 0.000498720372
30895 0.000497853505
648112 0.000497720121
1107010 0.000497635066
954315 0.000497274327
45188 0.000496998174
38205 0.000496774961
75972 0.000496727969
1114442 0.000496659397
1123188 0.000496305792
193347 0.000494489129
633721 0.000493928663
6378 0.000493191264
714975 0.000492725578
18777 0.000492319473
197054 0.000492226843
87915 0.000491883018
107251 0.000491832174
756061 0.000491814263
6224 0.000491721494
1105764 0.000490694561
1140231 0.000490457251
1108329 0.000490330600
6917 0.000489197667
141868 0.000488870410
359067 0.000488712573
1110515 0.000488611338
643199 0.000488092148
1153922 0.000488091750
589923 0.000487504246
28287 0.000487088703
6311 0.000486532603
643003 0.000486398420
54131 0.000485876786
645897 0.000485484054
11339 0.000485330433
22241 0.000484998684
134307 0.000483571439
87417 0.000483364651
95435 0.000482965297
67584 0.000482003514
1123087 0.000481714738
20534 0.000481572711
672070 0.000481381915
573553 0.000480135373
1134865 0.000479367583
104840 0.000478953978
12330 0.000478702001
7297 0.000478487660
255233 0.000477782432
78557 0.000476844863
714289 0.000476734096
1114331 0.000476509896
131315 0.000476482868
8865 0.000475722932
129287 0.000475283494
1131184 0.000474783710
1108258 0.000474783710
1132857 0.000474783710
649944 0.000474783710
13195 0.000474679451
1120786 0.000472829611
231198 0.000472386225
147870 0.000471886627
23738 0.000471780447
575292 0.000471020278
642827 0.000470318465
195792 0.000469805434
66782 0.000469786495
578337 0.000469335708
67246 0.000469121733
1154076 0.000469076717
2663 0.000468722159
54844 0.000468722159
20821 0.000468677151
105899 0.000468663558
3232 0.000467783593
519318 0.000467144747
416455 0.000467140467
28456 0.000466755628
1106418 0.000466722441
1128453 0.000466533243
31349 0.000466339420
7430 0.000466176628
194609 0.000465669271
1129629 0.000465506020
642798 0.000464677167
219446 0.000464473732
35061 0.000463829701
1112723 0.000463383892
119761 0.000463294800
1138027 0.000463211920
162075 0.000462993398
1131189 0.000462973339
1120431 0.000462728425
1095507 0.000462379137
25772 0.000462104643
58552 0.000461745534
13658 0.000461733475
1153287 0.000461651084
27203 0.000459696181
579008 0.000459567378
1106764 0.000458491618
248119 0.000457988928
6169 0.000457837193
25413 0.000457585773
884094 0.000457058879
595063 0.000457023543
1128975 0.000457023543
235670 0.000456935633
1103979 0.000456668748
1103960 0.000456659757
22563 0.000456247734
1152711 0.000456164741
15892 0.000456164481
144212 0.000455992213
1153896 0.000454976621
626574 0.000454870044
644093 0.000454850800
1131466 0.000454690230
654326 0.000454678222
520471 0.000454406950
907845 0.000454085628
17201 0.000453329559
101263 0.000453102405
8699 0.000452674145
193354 0.000452219034
1105932 0.000452142155
24974 0.000452043787
1106287 0.000451892365
6184 0.000450870124
249421 0.000450639063
148341 0.000450515614
103529 0.000450329334
521251 0.000449521217
33904 0.000449428242
1119671 0.000448834351
1104946 0.000448834351
2698 0.000448683126
1108169 0.000448611586
1128943 0.000448610607
1128978 0.000448610607
101145 0.000448595332
739816 0.000448473510
242663 0.000448256444
83847 0.000448060744
6125 0.000447986596
762980 0.000447847989
200480 0.000447729640
214472 0.000447666838
1125906 0.000447571941
27535 0.000447331213
141160 0.000447014189
42847 0.000446844264
654177 0.000446236841
74821 0.000446131787
56709 0.000445907661
33907 0.000445829681
1114364 0.000445815042
243274 0.000445815042
354004 0.000445742851
1115701 0.000445478121
1118332 0.000445036697
6818 0.000444551493
32260 0.000444134758
3240 0.000443878714
18781 0.000443778983
6923 0.000443375228
650807 0.000442924806
248425 0.000442652429
167656 0.000442605701
1124844 0.000441718672
124952 0.000441676747
287787 0.000441329429
44017 0.000441082225
16008 0.000440879262
1152143 0.000439973253
6939 0.000439884830
578649 0.000439534744
20178 0.000439027742
1117184 0.000438891537
20857 0.000438765384
1116397 0.000438639833
1128977 0.000438307912
950986 0.000437718951
10183 0.000437656275
1106630 0.000437471965
1125953 0.000437379385
230884 0.000437301476
1104182 0.000436994830
167670 0.000436836215
3237 0.000436742567
1131150 0.000436655249
672071 0.000436552905
25702 0.000436069670
18832 0.000435926592
27510 0.000435754469
191222 0.000435551096
15670 0.000435160697
1152740 0.000435078280
280876 0.000434989763
906 0.000434690125
25184 0.000434228648
1106492 0.000434167018
1118388 0.000433920996
99025 0.000433778068
154023 0.000433498170
154047 0.000433498170
135130 0.000433279722
168410 0.000433068669
568857 0.000432822940
1103016 0.000432771683
1131550 0.000432758566
66751 0.000432532794
1135122 0.000432337459
293974 0.000430948606
248395 0.000430922193
1113828 0.000430922193
108962 0.000430870768
1128198 0.000430473523
19231 0.000430465410
1118546 0.000430449160
1122425 0.000429652241
1154276 0.000429487940
87482 0.000429096714
463825 0.000428363329
1154123 0.000428031746
1154124 0.000428031746
50381 0.000427495127
35343 0.000427471733
11148 0.000427417838
23116 0.000427391462
106590 0.000427307109
642894 0.000427187405
1126029 0.000427119410
198443 0.000427064873
1154103 0.000426866718
648106 0.000426617246
75318 0.000426592848
20584 0.000426391430
1131741 0.000426210679
654339 0.000426210679
409725 0.000425744211
503877 0.000425690128
133563 0.000425365249
89416 0.000425227607
1129778 0.000424859269
684972 0.000424659789
696345 0.000424605639
128203 0.000424333489
40605 0.000424332999
28278 0.000423700914
55968 0.000423628099
36620 0.000423091229
8581 0.000422245519
12558 0.000421982738
1152290 0.000421762980
1120169 0.000421762980
18615 0.000421411931
1153183 0.000421052451
1114512 0.000420840902
11335 0.000420307487
118559 0.000419765365
1130678 0.000419281405
14529 0.000419123981
62389 0.000418926708
22869 0.000418602860
24476 0.000418270379
4649 0.000416612616
641956 0.000416333423
1110531 0.000415950906
20920 0.000415493274
3085 0.000415419755
1106388 0.000415417927
7537 0.000414900395
52003 0.000414876191
1109873 0.000414599755
1134348 0.000414541266
284023 0.000413719927
1140289 0.000413595115
259702 0.000413476088
144679 0.000413416471
5038 0.000413396005
128202 0.000413323076
6343 0.000413011469
116790 0.000412855143
159085 0.000412720480
241821 0.000412720480
12198 0.000411971856
181782 0.000411615765
212930 0.000411425249
189856 0.000410985106
145215 0.000409579893
642681 0.000409275148
1107325 0.000408995726
7532 0.000408962274
689439 0.000408759294
1112369 0.000408684360
10186 0.000407680275
42848 0.000407438765
38000 0.000407043344
1131137 0.000406939047
14431 0.000406896677
1153899 0.000406758655
129897 0.000406755757
576691 0.000406692664
1128425 0.000406669556
179702 0.000405429519
578645 0.000404901185
59715 0.000404318099
9708 0.000403893355
8874 0.000403673726
340078 0.000403547687
751408 0.000402824089
49482 0.000402682867
112378 0.000402476538
55801 0.000402430281
173884 0.000402229511
1131314 0.000401950754
1152944 0.000401431991
686015 0.000401235284
1152896 0.000400990834
254923 0.000400910732
396412 0.000400255734
1129518 0.000399516363
153063 0.000399104812
375825 0.000398818316
1114526 0.000398661127
1103038 0.000398258301
235678 0.000398106203
16843 0.000397891030
95579 0.000397607410
342802 0.000397570731
28336 0.000397374441
189620 0.000396470885
1138968 0.000396370448
40583 0.000396271298
675756 0.000396067659
1153577 0.000395914313
52847 0.000395907915
574710 0.000395795231
18251 0.000395479532
42156 0.000395146032
310653 0.000394836496
137359 0.000394591877
1132083 0.000394344438
3192 0.000394281659
126912 0.000394269981
206524 0.000394217886
755217 0.000393893307
227178 0.000393858149
82090 0.000393661951
38480 0.000393602850
116084 0.000393140298
164 0.000393038735
1102400 0.000392643915
559804 0.000392317538
1108389 0.000391826649
28957 0.000391015227
38722 0.000390114705
12158 0.000389945349
446271 0.000389349464
263279 0.000389210754
70441 0.000388858335
1106172 0.000388595711
188471 0.000388486537
1130600 0.000388486537
395553 0.000388088841
1114388 0.000387628516
240791 0.000387561101
1129610 0.000387556317
1114864 0.000387183801
6196 0.000386981489
486840 0.000386556645
56119 0.000386527022
37888 0.000386115213
1129683 0.000385675055
1153816 0.000385611156
1105603 0.000385480106
248823 0.000385408405
31083 0.000384784664
23502 0.000384677644
628668 0.000384444949
2354 0.000384062143
52007 0.000383958932
35905 0.000383125811
521207 0.000383064150
16451 0.000382700106
57773 0.000382643452
573535 0.000382611202
1131258 0.000382297725
118079 0.000382211263
103531 0.000382108816
31489 0.000381956174
506 0.000381744413
1108167 0.000380933866
1131149 0.000380910423
950305 0.000380593478
264347 0.000379769319
459213 0.000379624146
626530 0.000379058370
390889 0.000378687660
5086 0.000378510187
330148 0.000378488237
987188 0.000378093631
1102567 0.000377702705
299195 0.000377384222
928873 0.000377290626
65057 0.000377058457
560936 0.000376880173
17242 0.000376483418
36162 0.000376308542
12350 0.000375981751
70442 0.000375957362
746058 0.000375842959
238099 0.000375585384
32083 0.000375474250
1120049 0.000375374894
105856 0.000375374894
45533 0.000375090149
853118 0.000374856621
646809 0.000374532730
34082 0.000374099288
189572 0.000373851161
7272 0.000373271330
1107367 0.000373192611
169279 0.000372850669
120084 0.000372731342
61417 0.000372572445
120817 0.000372470874
33325 0.000371830887
28504 0.000371079206
221302 0.000370529123
79817 0.000370479396
1105231 0.000370180853
18811 0.000369847416
1117760 0.000369726663
1113182 0.000369726663
73146 0.000369714929
647413 0.000369378244
5194 0.000369343377
1153031 0.000369301013
368657 0.000369276219
180301 0.000369276219
245955 0.000369276219
73972 0.000369276219
114966 0.000369276219
1139009 0.000369276219
115188 0.000369276219
49720 0.000369276219
49753 0.000369276219
1131163 0.000369276219
688824 0.000369276219
1131195 0.000369276219
1131330 0.000369276219
1131414 0.000369276219
754594 0.000369276219
1123493 0.000369276219
648369 0.000369276219
1131754 0.000369276219
17821 0.000369276219
820661 0.000369276219
321004 0.000369276219
1132073 0.000369276219
50807 0.000369276219
779960 0.000369276219
1107728 0.000369276219
116512 0.000369276219
50980 0.000369276219
1107808 0.000369276219
43165 0.000369276219
633030 0.000369276219
633031 0.000369276219
1133008 0.000369276219
1124837 0.000369276219
133628 0.000369276219
682508 0.000369276219
1108570 0.000369276219
1117049 0.000369276219
1125258 0.000369276219
617378 0.000369276219
44121 0.000369276219
617575 0.000369276219
60560 0.000369276219
1133930 0.000369276219
232860 0.000369276219
380341 0.000369276219
1134056 0.000369276219
642593 0.000369276219
1134197 0.000369276219
814836 0.000369276219
642930 0.000369276219
126867 0.000369276219
1126315 0.000369276219
594119 0.000369276219
610529 0.000369276219
4553 0.000369276219
430574 0.000369276219
594483 0.000369276219
1110628 0.000369276219
1102548 0.000369276219
529165 0.000369276219
709518 0.000369276219
1110950 0.000369276219
824245 0.000369276219
29738 0.000369276219
62607 0.000369276219
1135955 0.000369276219
1152394 0.000369276219
1119654 0.000369276219
1136040 0.000369276219
628458 0.000369276219
628459 0.000369276219
1120019 0.000369276219
1152858 0.000369276219
38771 0.000369276219
604073 0.000369276219
899085 0.000369276219
219218 0.000369276219
653628 0.000369276219
1104191 0.000369276219
1112417 0.000369276219
1137140 0.000369276219
1104435 0.000369276219
1129021 0.000369276219
1129040 0.000369276219
1120880 0.000369276219
817774 0.000369276219
47839 0.000369276219
662250 0.000369276219
1104749 0.000369276219
187260 0.000369276219
7041 0.000369276219
1153946 0.000369276219
121792 0.000369276219
621555 0.000369276219
1113084 0.000369276219
1129494 0.000369276219
752684 0.000369276219
400455 0.000369276219
72805 0.000369276219
1154173 0.000369276219
654519 0.000369276219
294126 0.000369276219
294145 0.000369276219
646412 0.000369276219
408885 0.000369276219
711994 0.000369276219
384428 0.000369276219
302545 0.000369276219
1130069 0.000369276219
1130080 0.000369276219
228990 0.000369276219
228992 0.000369276219
155277 0.000369276219
458439 0.000369276219
1105622 0.000369276219
1130243 0.000369276219
376704 0.000369276219
1138619 0.000369276219
1107062 0.000368861429
3223 0.000368773714
1120777 0.000368556497
154134 0.000368055309
33301 0.000367833380
509315 0.000366481344
107569 0.000366473664
6151 0.000366397664
39165 0.000366132932
40886 0.000365976508
594387 0.000365779378
77108 0.000365699285
1153784 0.000365476493
294239 0.000365428754
1999 0.000365418128
1128319 0.000365356452
193352 0.000364479155
1128531 0.000363881454
1103969 0.000363260470
103430 0.000362790632
1130680 0.000362214401
470511 0.000362124322
1136449 0.000361961061
1035 0.000361828321
1000012 0.000361513661
66594 0.000360398480
1154068 0.000360352126
161221 0.000360333462
15076 0.000359819267
48766 0.000359766526
28385 0.000359596877
59244 0.000359561084
1131359 0.000359536996
573978 0.000359529102
318187 0.000359059569
103482 0.000358925834
1130567 0.000358886131
85449 0.000358840867
118873 0.000358602298
18812 0.000358437749
44368 0.000358018593
646900 0.000357808125
594649 0.000357802409
270600 0.000357426652
714260 0.000357081518
94416 0.000356604584
1113438 0.000356600719
1105428 0.000356196860
646286 0.000356123526
1106546 0.000355228958
58268 0.000355202791
1115670 0.000355198603
139547 0.000354753952
733167 0.000354719539
591016 0.000354236970
39131 0.000353913785
64271 0.000353617264
52000 0.000353280417
27895 0.000352989266
22835 0.000352797041
69198 0.000352769146
595056 0.000351996738
976284 0.000351320196
188318 0.000351280982
1108834 0.000351093672
358866 0.000351060226
645084 0.000350982986
1154524 0.000350773979
1129442 0.000350558587
116545 0.000350553023
39403 0.000350463640
575795 0.000349948761
43698 0.000349859432
31336 0.000349859432
631052 0.000349806947
1135750 0.000349553389
34979 0.000349275124
35490 0.000349180624
395075 0.000349002414
62329 0.000348933136
45603 0.000348902516
48764 0.000348902516
1120059 0.000348881135
81722 0.000348728096
103528 0.000348505354
1152490 0.000348281443
1153861 0.000348281443
133550 0.000348217615
1152244 0.000348194207
1115471 0.000348173133
18833 0.000348118153
9586 0.000347913217
582139 0.000347778403
171225 0.000347762764
1125402 0.000347718611
1125944 0.000347718611
23774 0.000347656037
7032 0.000347488637
27250 0.000347377447
1153097 0.000346803458
137849 0.000346512870
1119211 0.000346300862
25181 0.000346007076
48781 0.000345880208
975567 0.000345867864
14062 0.000345744601
34708 0.000345574312
1129208 0.000345304448
197783 0.000345192936
686061 0.000344538456
1104300 0.000344500342
8961 0.000344299385
459206 0.000344287647
70444 0.000344287388
1108656 0.000344157303
1131421 0.000344046166
131117 0.000343759532
14807 0.000343732534
733534 0.000343598298
1117942 0.000343147256
226698 0.000343121893
1105344 0.000343095982
1118209 0.000343041597
74427 0.000342945501
1128291 0.000342583330
256106 0.000342325648
14430 0.000342161395
307015 0.000341923309
215912 0.000341373329
1110256 0.000341199340
1153933 0.000341105632
50337 0.000341010669
195150 0.000340990341
368431 0.000340450503
1131471 0.000340158998
1121057 0.000339989833
184157 0.000339864455
111770 0.000339734121
1110947 0.000339419119
989397 0.000338677566
12197 0.000338322606
1114184 0.000337288018
18532 0.000337288018
662416 0.000337228696
94229 0.000337094514
67415 0.000337032118
3828 0.000336787443
592826 0.000336671230
650814 0.000336589987
182094 0.000336117262
28641 0.000335983186
1139195 0.000335922238
1135125 0.000335459247
1102550 0.000335432843
1136791 0.000335338666
35335 0.000335245794
67245 0.000335087001
1120020 0.000335078862
1131374 0.000334940221
739707 0.000334916896
682815 0.000334808968
696346 0.000334734585
1103676 0.000334248483
444240 0.000334014239
1112686 0.000332875475
417017 0.000332767094
627024 0.000332759734
15984 0.000331487579
358884 0.000331247386
8766 0.000331134379
1107215 0.000331063689
593060 0.000330976540
1116268 0.000330390232
32872 0.000330337991
120039 0.000330282864
54132 0.000330131428
1132418 0.000329549316
1119216 0.000329349143
94641 0.000329232855
1128946 0.000328590918
108963 0.000328567064
300806 0.000328509505
77826 0.000328183635
198653 0.000327788036
46431 0.000327713121
45212 0.000327477875
644577 0.000327455302
650834 0.000327378189
1153853 0.000327355050
168958 0.000326968120
612306 0.000326943739
32276 0.000326694088
1135894 0.000326565038
1953 0.000326187460
1213 0.000326180298
12631 0.000325222759
427606 0.000325175848
14083 0.000325163592
38537 0.000324777152
1115456 0.000324008074
1139928 0.000323866478
936 0.000323836896
8687 0.000323737328
80515 0.000323592462
1111978 0.000323406909
1135108 0.000323223958
20601 0.000323017062
1118764 0.000322597449
1107418 0.000322415467
20593 0.000322380837
1154232 0.000322176628
235776 0.000322156546
261040 0.000321330839
192870 0.000321015199
1106568 0.000320705326
36802 0.000320337326
71736 0.000320327781
68224 0.000319816607
5454 0.000319816607
630890 0.000319767488
649731 0.000319571174
397488 0.000319494313
153598 0.000319450441
10798 0.000319121435
1109891 0.000319085748
1114352 0.000319075041
1153943 0.000318599512
1131360 0.000318518422
7867 0.000318224207
6210 0.000318080044
29723 0.000318077364
36140 0.000318031519
217984 0.000317865605
1152358 0.000317459746
117 0.000317404644
8832 0.000317387941
429781 0.000317248750
37884 0.000317198434
1105148 0.000316196776
166989 0.000315707080
241133 0.000315642002
1022969 0.000315302743
63477 0.000315294615
289885 0.000315190593
4274 0.000315187744
12169 0.000314595280
28290 0.000314434828
81714 0.000313943055
6152 0.000313865220
469504 0.000312788234
1117786 0.000312763810
521252 0.000312738461
1126050 0.000312464494
593104 0.000311903082
1113831 0.000311680092
1106236 0.000311588367
1153728 0.000311550721
16461 0.000310819007
1120650 0.000310555168
31043 0.000310371856
1110390 0.000310325107
1115375 0.000310026092
1153900 0.000309807241
1105530 0.000309726904
29492 0.000309598560
1132968 0.000309564426
48550 0.000309490523
63835 0.000309453021
41714 0.000309068726
170338 0.000308823189
644441 0.000308800556
1119708 0.000308427622
35778 0.000308291413
16474 0.000308258025
263486 0.000308110350
1152259 0.000308090669
1152991 0.000308090669
399339 0.000308086956
1103737 0.000308035804
636511 0.000308034490
243483 0.000307994826
56115 0.000307980807
576257 0.000307926974
27612 0.000307771280
85452 0.000307490616
239810 0.000307196700
18582 0.000307105818
189571 0.000306942754
1131565 0.000306854562
1153262 0.000306392264
594511 0.000306247174
1109392 0.000306149694
1109830 0.000306144405
592993 0.000305948603
1130539 0.000305637404
1118823 0.000305559984
69392 0.000305425539
41216 0.000305359478
74920 0.000305054268
74921 0.000305054268
1133846 0.000305054268
1112106 0.000305054268
1152633 0.000305051951
189721 0.000304330088
27627 0.000304225218
1130847 0.000304047471
19045 0.000303450233
59045 0.000303407292
6775 0.000302710430
236759 0.000302699204
6155 0.000302695697
649730 0.000302581126
649739 0.000302581126
84020 0.000302440631
1110028 0.000302314761
1121063 0.000302314761
1108841 0.000301722497
6344 0.000300847376
1126350 0.000300770817
594047 0.000300453445
10177 0.000299676222
84459 0.000299674159
714748 0.000299534963
1106671 0.000299439785
1105221 0.000299049490
152227 0.000298900001
51045 0.000298837626
155738 0.000298669584
642621 0.000298583301
1105672 0.000298571138
83746 0.000298504947
1114629 0.000298341810
217115 0.000298288447
1114605 0.000298217518
45052 0.000297669046
24043 0.000296885975
1125386 0.000296816519
190698 0.000296772607
578669 0.000295796118
95642 0.000295496812
90888 0.000295485841
1107861 0.000295306842
78549 0.000295103676
1136393 0.000295037468
1949 0.000294973546
74698 0.000294161682
644334 0.000294109527
14531 0.000293771179
4878 0.000293768764
1116569 0.000293714426
1127863 0.000293618248
49843 0.000293464075
1132486 0.000293433566
447250 0.000293151720
583318 0.000293087896
1152958 0.000293040410
16476 0.000292976923
42207 0.000292969313
1128997 0.000292878792
626999 0.000292648683
78994 0.000292323871
58540 0.000292230647
1133010 0.000292119635
116087 0.000292000091
152226 0.000291912229
1113614 0.000291854687
734406 0.000291591907
1106298 0.000291475828
40 0.000291350907
14549 0.000290930774
3187 0.000290738188
66805 0.000290669619
136767 0.000290488884
1117501 0.000290286056
1123756 0.000290253940
166825 0.000290149611
943 0.000290114963
193918 0.000290019630
17798 0.000289971140
641976 0.000289867937
385251 0.000289804060
143801 0.000289701842
178209 0.000289510504
1131223 0.000289406195
1138043 0.000289340244
307656 0.000289181094
1131420 0.000288998780
648121 0.000288998780
177998 0.000288812687
179180 0.000288766517
211432 0.000288648558
34355 0.000288465156
787016 0.000288364159
6771 0.000288346474
6782 0.000288242005
1114336 0.000288179374
27249 0.000288116543
39199 0.000287544147
608292 0.000287245607
288107 0.000287216667
149139 0.000287216667
1102794 0.000287216667
252725 0.000287216667
212097 0.000287216667
212107 0.000287216667
11342 0.000287015108
523010 0.000286922465
1129570 0.000286780457
13208 0.000286082794
69397 0.000285976706
232605 0.000285693259
596075 0.000285590462
22886 0.000285258706
75674 0.000285230507
216877 0.000284916294
145176 0.000284887487
69284 0.000284726221
95594 0.000284714801
145384 0.000284714801
1106406 0.000284622144
1385 0.000284278146
1107355 0.000284278146
1136397 0.000283833546
633585 0.000283493219
353541 0.000283128778
108974 0.000282728216
100935 0.000282441429
82098 0.000281882855
1108209 0.000281615976
1128430 0.000281608231
8696 0.000281441137
628888 0.000281320944
46887 0.000281192547
52835 0.000281055277
1120197 0.000280998568
63832 0.000280749530
1104999 0.000280749530
194223 0.000280739863
1127913 0.000280710154
58436 0.000280584124
820662 0.000280348129
20850 0.000280220470
575402 0.000279991263
36145 0.000279875797
89335 0.000279658615
131317 0.000279538071
151430 0.000279493389
51180 0.000279324484
255628 0.000279213413
101662 0.000279196350
152731 0.000279180132
51049 0.000279101421
133567 0.000279020066
66556 0.000279005365
5062 0.000278808842
523394 0.000278761707
128383 0.000278678256
1107455 0.000278614063
390922 0.000278367479
59798 0.000278320464
95718 0.000278279029
1110438 0.000278247256
101660 0.000278206308
578650 0.000278168534
1133417 0.000277680145
368605 0.000277109150
1152761 0.000277032605
1153860 0.000277032605
1105718 0.000276967421
18773 0.000276731952
1116336 0.000276623948
52515 0.000276620530
175256 0.000276541386
267003 0.000276326367
72056 0.000276303576
263498 0.000276246374
144408 0.000276120096
562123 0.000276102820
1115959 0.000275783606
34961 0.000275572186
30817 0.000275540679
220420 0.000275444432
6220 0.000275432626
96335 0.000275409798
28640 0.000275390885
22386 0.000275389495
1127558 0.000275093748
158812 0.000274941734
58758 0.000274888043
1119295 0.000273756781
1128314 0.000273698592
83826 0.000273618459
5075 0.000273372625
1153195 0.000273056002
152219 0.000273027381
1105394 0.000272804008
561809 0.000272640774
1105116 0.000272501711
502574 0.000272146783
40131 0.000272075084
1118083 0.000272029695
513189 0.000271959655
260979 0.000271925501
1128982 0.000271847439
77758 0.000271074722
377303 0.000270747142
1131634 0.000270725832
593329 0.000270103984
28473 0.000270027475
308529 0.000269924728
10435 0.000269798067
294030 0.000269186332
444191 0.000268887908
56112 0.000268434243
1113926 0.000268254563
13654 0.000267657664
504 0.000267369672
1152277 0.000267332710
1152673 0.000267332710
1154251 0.000267332710
41417 0.000267315411
1119078 0.000267262340
105057 0.000267089633
193742 0.000267013650
289779 0.000266621091
358887 0.000266608751
13917 0.000266532625
593813 0.000266510286
160705 0.000265981859
162664 0.000265850940
27631 0.000265463741
1112911 0.000265375938
1113035 0.000265312170
1128267 0.000265106443
1033 0.000265065124
1119140 0.000264790731
346292 0.000264781279
16470 0.000264686124
6639 0.000264556621
263482 0.000264433937
169280 0.000264387132
18619 0.000264300527
601561 0.000264183984
1131639 0.000264103161
1116347 0.000263941400
1104787 0.000263848681
13656 0.000263811874
683294 0.000263768728
642920 0.000263768728
126868 0.000263768728
145315 0.000263768728
23069 0.000263768728
42221 0.000263721172
93273 0.000263721172
593921 0.000263573345
141324 0.000263389530
1153101 0.000263292557
1153150 0.000263292557
593105 0.000263245404
98693 0.000263031549
684372 0.000262903731
12439 0.000262713454
1123689 0.000262266169
1131734 0.000262263381
10981 0.000261803645
1133428 0.000261646302
28249 0.000261538240
28265 0.000261510210
232606 0.000261346275
12238 0.000261288588
1919 0.000260762464
6786 0.000260727969
309476 0.000260523782
13136 0.000260477692
68463 0.000260464996
299197 0.000260235194
1131172 0.000259726169
323128 0.000259375286
288 0.000259328414
1129907 0.000259281473
152483 0.000259268903
643695 0.000259077841
262178 0.000259019550
1114118 0.000258959017
1122460 0.000258959017
235683 0.000258782098
503893 0.000258763595
561364 0.000258734949
43639 0.000258705337
1952 0.000258697408
1131752 0.000258283182
594900 0.000258283182
608326 0.000258008758
293285 0.000257904542
428610 0.000257889815
28026 0.000257791739
3217 0.000257687040
124296 0.000257463027
114189 0.000256784576
1114222 0.000256728555
155736 0.000256399487
1116146 0.000256321070
55403 0.000256064725
8591 0.000255912839
34315 0.000255906123
594011 0.000255845922
119686 0.000255775052
116081 0.000255582913
118682 0.000255443623
390894 0.000255355872
1105574 0.000255138398
92065 0.000255039030
35863 0.000255004598
1103394 0.000254809285
1112194 0.000254798800
1109957 0.000254753433
1152308 0.000254705641
714256 0.000254543099
14428 0.000254334957
3097 0.000254334662
91852 0.000254221302
1109208 0.000254061512
395540 0.000253915553
39904 0.000253778784
7296 0.000253766677
30934 0.000253640105
1135082 0.000253558287
1153024 0.000253430442
592996 0.000253299514
1152162 0.000253127985
1152272 0.000253127985
1152904 0.000253127985
434 0.000253088865
1131301 0.000253037330
1817 0.000253015451
1131611 0.000252986185
1103610 0.000252960323
192734 0.000252608764
89308 0.000252564874
308232 0.000252489124
285687 0.000252417808
133615 0.000252376256
5462 0.000252372870
112787 0.000252085898
6216 0.000251552802
1110024 0.000251455169
120013 0.000251446417
6346 0.000251133055
1112767 0.000250958577
1107041 0.000250024803
561595 0.000249971985
6898 0.000249888701
1114398 0.000249678487
1111186 0.000249678487
277263 0.000249665119
128 0.000249587789
626531 0.000249444863
1130454 0.000249444863
467383 0.000249178447
18815 0.000249092250
202520 0.000248958279
563613 0.000248797615
175909 0.000248794584
1050679 0.000248549206
671293 0.000248370754
5869 0.000248326133
1153014 0.000248282163
191216 0.000248075662
1106112 0.000247884344
1106330 0.000247572649
47683 0.000247411331
14090 0.000246963923
9716 0.000246887169
189577 0.000246828192
37483 0.000246258611
1112929 0.000245534945
1237 0.000244662791
1959 0.000244462405
1132434 0.000243426615
636500 0.000243250898
632796 0.000243062455
33823 0.000242699275
1122704 0.000242610043
218666 0.000242596995
1104007 0.000242395675
263553 0.000242307926
95198 0.000242239657
93320 0.000242040135
948147 0.000242020049
49660 0.000241910013
1121739 0.000241761414
1104449 0.000241645466
594039 0.000241616848
1106401 0.000241067883
753264 0.000240968759
67292 0.000240898699
74937 0.000240832316
1128256 0.000240568533
1105810 0.000240276398
117315 0.000240264346
1106370 0.000239781293
1105531 0.000239752399
163235 0.000239695222
593022 0.000239647910
28485 0.000239512898
6215 0.000239478599
100197 0.000239437442
178727 0.000239231558
423816 0.000238904832
1105360 0.000238902340
1129367 0.000238874508
50336 0.000238767017
83461 0.000238520073
133553 0.000238333075
815096 0.000237964392
175291 0.000237730399
1106103 0.000237673284
49811 0.000237536669
1153166 0.000237527568
1153724 0.000237527568
67633 0.000237511819
1111052 0.000237451166
325497 0.000237296839
27531 0.000237247808
22431 0.000237243379
1131607 0.000237191128
51866 0.000236890510
1116835 0.000236830794
37541 0.000236756655
1116044 0.000236675924
39124 0.000236412731
218410 0.000236395669
148170 0.000235820883
370366 0.000235675027
253971 0.000235597285
68115 0.000234952359
340075 0.000234608855
634902 0.000234494135
634904 0.000234494135
78511 0.000234421622
62417 0.000234260220
20602 0.000234212546
20923 0.000234192601
118424 0.000234085829
118435 0.000234085829
77829 0.000233869522
48555 0.000233859576
28487 0.000233376396
27543 0.000233306469
13193 0.000233226252
174418 0.000233206220
231249 0.000233051703
1152307 0.000233023926
1152448 0.000233023926
1152975 0.000233023926
1153703 0.000233023926
976334 0.000233012296
37998 0.000232985845
124064 0.000232833181
27530 0.000232723560
1119987 0.000232635968
1152676 0.000232412113
1154525 0.000232142033
237489 0.000232069712
26850 0.000231946956
27174 0.000231741711
74975 0.000231733907
350362 0.000231672315
49847 0.000231600508
132806 0.000231027477
46470 0.000231017966
753265 0.000230567764
46079 0.000230379174
1119505 0.000230379174
16437 0.000230313515
129896 0.000230002103
35854 0.000229680450
175576 0.000229680450
1140040 0.000229533483
415693 0.000229524307
1102364 0.000229127696
503871 0.000228940160
33013 0.000228372864
48066 0.000227769132
696342 0.000227605481
1059953 0.000227393283
36167 0.000227316665
1246 0.000227039434
158172 0.000226914107
632874 0.000226852433
40135 0.000226739770
647447 0.000226706324
330208 0.000226669956
63931 0.000226641959
210309 0.000226461277
212777 0.000226398378
561674 0.000226275833
35852 0.000226185196
1107572 0.000226171768
180373 0.000225901956
576362 0.000225826799
140569 0.000225808244
1109199 0.000225548290
197452 0.000225499267
98698 0.000225482068
595193 0.000225464053
1103383 0.000225464053
1128369 0.000225464053
1108175 0.000225442666
177993 0.000225332141
1121537 0.000225318418
561593 0.000225093707
27243 0.000224977227
12359 0.000224919030
643239 0.000224908890
99023 0.000224824539
189566 0.000224327687
102406 0.000224307748
259772 0.000224139510
1109439 0.000224080555
17477 0.000223931451
7047 0.000223755842
1153275 0.000223629539
1130927 0.000223588737
1130931 0.000223588737
132821 0.000223582478
116021 0.000223286956
643597 0.000222821702
63915 0.000222812688
1115677 0.000222611892
61312 0.000221927624
1131300 0.000221870026
83449 0.000221863275
72908 0.000221284219
1105433 0.000221277542
94639 0.000221073081
390896 0.000221065092
203646 0.000220883118
1106789 0.000220818998
286500 0.000220763739
207395 0.000220692374
4637 0.000220633542
1113739 0.000220514268
102061 0.000220447797
1107385 0.000220444733
77112 0.000220134985
195361 0.000220126177
137956 0.000219758547
124734 0.000219623653
92589 0.000219411414
27514 0.000219278042
20592 0.000219049104
1154074 0.000218971532
78552 0.000218808487
149669 0.000218744019
137873 0.000218726003
1105887 0.000218474228
1128990 0.000218434286
22566 0.000218407957
194645 0.000218324456
755082 0.000218227749
1104055 0.000218134833
1108728 0.000217856287
628667 0.000217550213
28412 0.000217392609
510715 0.000217230366
1106771 0.000217010496
1116974 0.000217010496
1128407 0.000217007770
1114838 0.000216825908
28230 0.000216764127
1123991 0.000216539123
10793 0.000216539123
1130356 0.000216539123
1110520 0.000216338390
217139 0.000216245921
1955 0.000215971922
65212 0.000215573854
178718 0.000215513165
23448 0.000215242405
124828 0.000215038325
12155 0.000214982472
308920 0.000214889274
1135746 0.000214674366
1133469 0.000214354426
1152917 0.000214154884
28491 0.000214023999
634938 0.000213959327
753070 0.000213753803
409255 0.000213753368
73119 0.000213620755
27241 0.000213551102
1129106 0.000213182319
1121176 0.000213182319
213246 0.000212808283
14545 0.000212591103
20833 0.000212303415
64484 0.000212180892
1128985 0.000212104618
107177 0.000212022933
1133390 0.000211575012
135798 0.000211518034
1122304 0.000211104014
521183 0.000211051338
1120858 0.000210991284
630817 0.000210075362
46468 0.000209871927
510718 0.000209747156
1125895 0.000209602312
219976 0.000209600345
1111899 0.000209493559
593068 0.000209413932
1132157 0.000209197066
1111733 0.000208693063
1111230 0.000208470325
90470 0.000208466897
213279 0.000208458003
1106966 0.000208247133
93923 0.000207875941
1105033 0.000207766742
350319 0.000207630251
1129368 0.000207610390
1129369 0.000207610390
575077 0.000207253815
135464 0.000207150645
31483 0.000207083806
1153091 0.000206997013
3236 0.000206933688
1108050 0.000206643299
593859 0.000206333408
1102625 0.000206136238
1107319 0.000205647577
1112075 0.000205521217
3095 0.000205517947
1131312 0.000205461361
1129243 0.000205315731
1136110 0.000205005627
293271 0.000204826676
136768 0.000204722542
258259 0.000204642494
1117219 0.000204064736
189574 0.000203923343
593209 0.000203654200
70281 0.000203564962
1138755 0.000203526463
696343 0.000203502678
1107674 0.000203444114
593544 0.000203319608
13269 0.000202994160
575331 0.000202786263
1136814 0.000202617097
521855 0.000202121117
613409 0.000201663368
8594 0.000201227945
1129608 0.000200962769
210872 0.000200960024
574009 0.000200886917
577227 0.000200886917
97390 0.000200769796
69418 0.000200758770
32688 0.000200758770
282700 0.000200369070
578780 0.000200279564
424540 0.000200005387
126920 0.000199935239
140005 0.000199844847
1152150 0.000199750195
1109185 0.000199691685
1121254 0.000199289039
1121459 0.000199287829
1130568 0.000198934936
1130586 0.000198934936
628766 0.000198934936
1120170 0.000198850732
1152564 0.000198843078
93318 0.000198841045
13972 0.000198841045
131042 0.000198833746
1125492 0.000198340053
83725 0.000198142224
606479 0.000197855920
578845 0.000197723645
1112426 0.000197709841
647408 0.000197610981
1113551 0.000197585448
737204 0.000197320159
411092 0.000197310336
60682 0.000197103312
251756 0.000196771146
1153897 0.000196696441
158098 0.000196566591
75691 0.000196522678
1126503 0.000196442026
143323 0.000196368302
38846 0.000196340363
1126012 0.000196332629
68495 0.000195888168
1118302 0.000195886101
7432 0.000195767568
1110000 0.000195683927
66596 0.000195499175
17811 0.000195499175
738941 0.000195499175
159084 0.000195499175
233106 0.000195499175
430711 0.000195499175
160732 0.000195499175
62676 0.000195499175
522338 0.000195499175
578306 0.000195385940
1128974 0.000195109945
1131270 0.000194722114
1112665 0.000194194209
217852 0.000194024444
126793 0.000193908113
631015 0.000193865287
273152 0.000193752118
63549 0.000193569842
1140548 0.000193448186
75693 0.000193233080
75694 0.000193233080
1131266 0.000192922872
1120252 0.000192823735
1129798 0.000192638711
1153169 0.000192476418
28471 0.000192309001
18785 0.000192196315
310742 0.000191848404
1116594 0.000191689147
340299 0.000191689147
229635 0.000191677995
1132731 0.000191085880
284414 0.000190904557
93555 0.000190804051
662279 0.000190784801
308003 0.000190720580
1126037 0.000190714226
688849 0.000190703102
400356 0.000190117853
30973 0.000190068762
180187 0.000189852036
1110426 0.000189636518
17488 0.000189575169
270085 0.000189527689
1131334 0.000189401732
1132385 0.000188945319
12211 0.000188914776
566664 0.000188551243
1152421 0.000188450607
1153280 0.000188450607
1154459 0.000188450607
636098 0.000188259107
1114664 0.000187691709
74749 0.000187593970
1113852 0.000187593970
48768 0.000187199324
1135137 0.000186538091
397590 0.000186212057
593260 0.000185975641
12638 0.000185786462
643485 0.000185702336
1103499 0.000185394020
576973 0.000184178306
1128208 0.000184178306
1136634 0.000183967754
97892 0.000183964779
1130934 0.000183734174
1133028 0.000183734174
423463 0.000183483989
645571 0.000183342640
948299 0.000183239974
645088 0.000183159147
267824 0.000183077671
1106547 0.000182942412
616336 0.000182857722
37879 0.000182855935
1135345 0.000182679490
15987 0.000182624080
1135589 0.000181456263
10430 0.000181446259
1120713 0.000181446259
250566 0.000181157079
1130780 0.000181157053
20942 0.000181087017
205192 0.000180409845
1102442 0.000180349267
62634 0.000180242524
46547 0.000180049191
8213 0.000179752521
390693 0.000179496514
74700 0.000179362735
1111788 0.000179359287
628815 0.000179274578
1134022 0.000178898704
1117653 0.000178666585
1102873 0.000178576711
1152436 0.000178459328
112099 0.000178427624
55770 0.000178427624
1116842 0.000178426509
1152075 0.000178426509
18774 0.000178094831
39130 0.000178026360
202522 0.000177681773
119712 0.000177438857
245288 0.000177438857
12210 0.000177136062
137380 0.000177032222
1119178 0.000176873323
1128536 0.000176789881
263069 0.000176618838
1122580 0.000175810836
73712 0.000175774764
446610 0.000175750288
33412 0.000175707239
782486 0.000175652680
116552 0.000175267215
166420 0.000175110893
1130808 0.000174719721
1132948 0.000174719721
206259 0.000174262232
218682 0.000174122378
100701 0.000173865166
259701 0.000173815229
1131274 0.000173287339
318071 0.000173168110
95225 0.000173095877
1128839 0.000172702442
1153786 0.000172231826
64519 0.000172093472
141347 0.000172067124
1129096 0.000171408387
1133196 0.000171318015
6217 0.000171104553
119956 0.000170929832
325314 0.000170899266
578898 0.000170806658
1153148 0.000170661740
1131167 0.000170589289
509233 0.000170499557
1133047 0.000170499557
11337 0.000170082658
73323 0.000169965809
328370 0.000169928900
28227 0.000169865243
118558 0.000169747750
1117348 0.000169583539
1107140 0.000169557162
1109566 0.000169482527
853155 0.000169454150
1786 0.000169417145
18536 0.000168990812
561789 0.000168990812
1128959 0.000168918873
1117476 0.000168706474
97377 0.000168702285
134314 0.000168525607
1152663 0.000168413519
656231 0.000168286767
5959 0.000168226292
1117833 0.000168169356
101811 0.000167885254
1123239 0.000167838604
1120211 0.000167768080
688361 0.000167743167
647315 0.000167670601
1107558 0.000167559335
1131230 0.000167554875
1105011 0.000167554875
703953 0.000167554875
252715 0.000167513141
1129111 0.000167482502
86258 0.000167199747
13982 0.000166995286
1128868 0.000166929152
190706 0.000166702063
646837 0.000166577268
239800 0.000166573512
144330 0.000166311911
61073 0.000166086685
1152569 0.000166006917
375605 0.000166006917
335733 0.000165958314
93755 0.000165727425
15431 0.000165727425
1154176 0.000165701116
1132706 0.000165646996
78508 0.000165343886
78555 0.000165343886
1130634 0.000165131136
117316 0.000165066002
335042 0.000165016613
1132459 0.000164190184
1132809 0.000163670381
12946 0.000163607933
51052 0.000163506536
46501 0.000163307057
1131345 0.000163258087
917493 0.000163258087
59772 0.000163254123
156794 0.000162836879
24530 0.000162836879
1153056 0.000162793013
143476 0.000162622043
1131257 0.000162575152
62718 0.000162544022
1136342 0.000162421335
1121398 0.000162385739
13213 0.000161849903
53942 0.000161633568
43186 0.000160939273
346243 0.000160910636
1123926 0.000160724902
1118848 0.000160614902
1134320 0.000160116549
1131305 0.000159413879
28851 0.000159362255
646195 0.000159322887
45599 0.000159180969
1153866 0.000159029667
1127619 0.000158784500
1153160 0.000158359735
1121659 0.000158306719
1135358 0.000158273182
117328 0.000158261237
13205 0.000158174396
1136422 0.000157746961
239829 0.000157680048
259126 0.000157611952
248431 0.000156969941
46452 0.000156654053
27246 0.000156608612
1152959 0.000156599232
1125467 0.000156573442
131122 0.000156140296
134219 0.000156063734
105865 0.000155955974
436796 0.000155812618
82664 0.000155729914
606647 0.000155653337
1153942 0.000155653337
13966 0.000155649367
211875 0.000154993572
1152859 0.000154941170
1129573 0.000154559655
595157 0.000154471539
85299 0.000154297575
1120962 0.000153750766
987197 0.000153561917
1131164 0.000153477468
95588 0.000153376733
95597 0.000153376733
1130929 0.000153374963
262108 0.000153320752
262121 0.000153320752
561568 0.000153063719
1111265 0.000153024844
1114125 0.000152976841
1154042 0.000152894905
1118120 0.000152884452
1152179 0.000152884452
1118286 0.000152773621
990075 0.000152654400
1140547 0.000152574461
1131647 0.000152514501
1131748 0.000152514501
1154169 0.000152514501
949511 0.000152514501
50838 0.000152432057
72406 0.000152366389
312409 0.000152054914
1107136 0.000152054914
1132416 0.000152054914
1132864 0.000152054914
362926 0.000152054914
683360 0.000152054914
12275 0.000152054914
1135455 0.000152054914
1128853 0.000152054914
573964 0.000151965570
1108551 0.000151863993
1133004 0.000151782193
1109017 0.000151548822
11326 0.000151508120
45061 0.000151508120
1131557 0.000151328257
645046 0.000150751168
645870 0.000150751168
1138970 0.000150676910
77515 0.000150588982
714208 0.000150132704
1154230 0.000150132704
134199 0.000150096836
9581 0.000149942424
28389 0.000149356260
608191 0.000149203972
27632 0.000149154727
686030 0.000149154727
51879 0.000148931933
175548 0.000148930232
71336 0.000147713230
2702 0.000147566555
35070 0.000147509020
1153264 0.000147509020
672064 0.000147000162
99030 0.000146953446
141342 0.000146922060
579108 0.000146841548
646836 0.000146692488
1123576 0.000145694401
601567 0.000145500113
1112026 0.000145428252
593201 0.000145415731
31479 0.000145131750
1126011 0.000144523527
1119742 0.000144523527
22564 0.000144027536
684531 0.000143962911
31055 0.000143850748
1104031 0.000143691382
1114153 0.000143385411
950052 0.000143385411
1112574 0.000143328450
644843 0.000143170182
853116 0.000142985443
1113995 0.000142697873
1111614 0.000142687652
399173 0.000142687652
1140230 0.000142684340
3235 0.000142316199
137130 0.000141891666
28359 0.000141856476
211906 0.000141514469
1129018 0.000141471357
733576 0.000141470790
85688 0.000141295357
1127530 0.000140877683
135765 0.000140457481
1154233 0.000139854385
28674 0.000139691826
199571 0.000139397876
103537 0.000138908750
644427 0.000138885306
561610 0.000138873325
1123867 0.000138785460
552469 0.000138785460
44455 0.000138753900
1152194 0.000138561222
3932 0.000138471622
1131267 0.000138081103
28267 0.000138013779
260121 0.000137670259
562940 0.000137369044
1110768 0.000136914412
440815 0.000136859243
12347 0.000136824859
1131745 0.000136755471
11325 0.000136377550
82666 0.000136172921
198866 0.000136165392
12337 0.000135563258
1104769 0.000135469201
174425 0.000135462146
1123553 0.000135205225
1130637 0.000135116469
49895 0.000135116469
360028 0.000134967231
36131 0.000134865644
25794 0.000134828068
1132815 0.000134736026
1130653 0.000134679457
1130657 0.000134679457
566488 0.000134679457
566653 0.000134679457
1108597 0.000134679457
1116839 0.000134679457
1119180 0.000134679457
112813 0.000134679457
1153877 0.000134679457
1153879 0.000134679457
1153889 0.000134679457
1138091 0.000134679457
286513 0.000134386549
1128204 0.000134225376
1127541 0.000134195466
1132285 0.000133951862
416867 0.000133940157
59626 0.000133670648
31105 0.000133569457
1131335 0.000133309486
238401 0.000133218553
58454 0.000132939439
1130856 0.000132879994
1031453 0.000132847879
1116629 0.000132631871
100961 0.000132631871
60170 0.000132631871
1153064 0.000132593923
96851 0.000132379951
574462 0.000132041425
640617 0.000132041425
561238 0.000132041425
1127430 0.000132041425
1129027 0.000132041425
594543 0.000131929919
1133338 0.000131284341
576725 0.000131284341
1153065 0.000131284341
1103985 0.000131284341
694759 0.000131284341
1153736 0.000131250639
139738 0.000130030237
593155 0.000129684560
116528 0.000129504701
1132887 0.000128476378
1125597 0.000128247177
785678 0.000128223589
56708 0.000127840196
46536 0.000127626027
31097 0.000127626027
1112650 0.000127329180
126128 0.000127074590
1154520 0.000127074590
6784 0.000126907996
8617 0.000126717686
129558 0.000126127966
40922 0.000125305361
167205 0.000125037814
110041 0.000124648806
941 0.000124306432
686559 0.000124141103
1063773 0.000124141103
286562 0.000124141103
137790 0.000123880304
1104495 0.000123867264
1154229 0.000123802758
523574 0.000123376348
365294 0.000123332480
68505 0.000123084328
265203 0.000122200795
633081 0.000122163792
1109542 0.000121882357
189655 0.000121780837
1131348 0.000121272436
1113534 0.000121272436
1104261 0.000120869703
11093 0.000120455253
684986 0.000120455253
1116328 0.000120358672
1152379 0.000120358672
237376 0.000120358672
157805 0.000120333211
28542 0.000120325174
41732 0.000119092285
1106854 0.000118919460
1127551 0.000118919460
1153106 0.000118846053
20180 0.000118742746
170798 0.000118039396
6170 0.000117995968
84695 0.000117414457
1117249 0.000117236912
28632 0.000117236912
642847 0.000117158866
94953 0.000117007923
1152910 0.000116660044
1106849 0.000116494391
42209 0.000116050638
85324 0.000115492880
854434 0.000115240555
66564 0.000115121929
919885 0.000113709806
1125082 0.000113709806
7022 0.000113709806
1102850 0.000113681019
118259 0.000113208261
9515 0.000113081242
1119004 0.000112687131
648232 0.000112659939
853150 0.000112659939
1132922 0.000112659939
1110494 0.000112659939
1102407 0.000112659939
1135368 0.000112659939
1152821 0.000112659939
1136442 0.000112659939
1120866 0.000112659939
948846 0.000112659939
1129443 0.000112659939
949318 0.000112659939
1105062 0.000112659939
237521 0.000112659939
1128151 0.000111974935
1116530 0.000111326062
1127657 0.000111215923
46476 0.000111138845
1128881 0.000111138845
1128927 0.000111138845
1128542 0.000111091019
135766 0.000110887483
561613 0.000109331227
108983 0.000109088555
54550 0.000108867750
47570 0.000108867750
577086 0.000108323032
158614 0.000108138305
711598 0.000108138305
1115886 0.000107501533
124224 0.000107173741
102884 0.000107101594
1071981 0.000106202795
1131165 0.000105919193
1115166 0.000105507491
1122574 0.000104815099
29708 0.000104815099
400473 0.000104815099
1128846 0.000104580716
51831 0.000104563712
430329 0.000104563712
173863 0.000104151834
200630 0.000103893178
1061127 0.000103836880
1153254 0.000103836880
23546 0.000103836880
126909 0.000103397341
191404 0.000103059277
136665 0.000103059277
632935 0.000101633876
109323 0.000101383259
1105698 0.000101383259
123556 0.000100711696
50354 0.000100711696
289088 0.000100711696
1136310 0.000100212749
1131180 0.000100143701
114308 0.000098482402
574264 0.000097573637
592973 0.000097573637
1152508 0.000097573637
1128945 0.000097573637
1137466 0.000097573637
97645 0.000097573637
1154500 0.000097064077
19697 0.000095408542
145134 0.000095408542
46500 0.000095057347
350373 0.000095057347
608190 0.000094580627
940 0.000093744273
13652 0.000093549975
27606 0.000089837977
189708 0.000088791935
853114 0.000088626292
270456 0.000073855244
8619 0.000073855244
463 0.000073855244
57932 0.000073855244
91038 0.000073855244
17363 0.000073855244
58453 0.000073855244
853115 0.000073855244
189623 0.000073855244
25791 0.000073855244
66809 0.000073855244
182093 0.000073855244
337766 0.000073855244
18313 0.000073855244
1951 0.000073855244
10174 0.000073855244
739280 0.000073855244
141596 0.000073855244
18770 0.000073855244
264556 0.000073855244
379288 0.000073855244
51934 0.000073855244
101261 0.000073855244
289945 0.000073855244
134315 0.000073855244
134320 0.000073855244
44514 0.000073855244
642641 0.000073855244
421481 0.000073855244
20179 0.000073855244
28489 0.000073855244
12194 0.000073855244
126926 0.000073855244
815073 0.000073855244
28649 0.000073855244
348305 0.000073855244
168332 0.000073855244
561611 0.000073855244
102939 0.000073855244
643735 0.000073855244
578365 0.000073855244
4983 0.000073855244
70520 0.000073855244
177115 0.000073855244
111676 0.000073855244
644361 0.000073855244
644363 0.000073855244
292277 0.000073855244
71904 0.000073855244
645452 0.000073855244
80491 0.000073855244
80656 0.000073855244
64319 0.000073855244
646289 0.000073855244
416964 0.000073855244
466170 0.000073855244
687401 0.000073855244
179706 0.000073855244
155158 0.000073855244
253762 0.000073855244
278394 0.000073855244
278403 0.000073855244
