1122304 0.000211104014
1155073 0.000706297553
851968 0.000520749237
1114118 0.000258959017
1105932 0.000452142155
1114125 0.000152976841
368657 0.000369276219
253971 0.000235597285
8213 0.000179752521
696342 0.000227605481
696343 0.000203502678
696345 0.000424605639
696346 0.000334734585
8224 0.000558565160
950305 0.000380593478
630817 0.000210075362
35 0.004921565808
262178 0.000259019550
40 0.000291350907
1114153 0.000143385411
1130539 0.000305637404
385067 0.000795075676
131117 0.000343759532
131122 0.000156140296
16437 0.000230313515
188471 0.000388486537
16451 0.000382700106
1138755 0.000203526463
1130567 0.000358886131
1114184 0.000337288018
1130568 0.000198934936
16461 0.000310819007
180301 0.000369276219
1114192 0.000513488504
16470 0.000264686124
16471 0.000793898671
155736 0.000256399487
16474 0.000308258025
155738 0.000298669584
16476 0.000292976923
1130586 0.000198934936
106590 0.000427307109
573535 0.000382611202
589923 0.000487504246
16485 0.000629696039
32872 0.000330337991
1130600 0.000388486537
630890 0.000319767488
1114222 0.000256728555
573553 0.000480135373
114 0.001533211434
65650 0.000716434221
117 0.000317404644
65653 0.000788175485
221302 0.000370529123
270456 0.000073855244
1122425 0.000429652241
409725 0.000425744211
1114239 0.000516822132
128 0.000249587789
130 0.000684562744
1106052 0.000616338632
1130634 0.000165131136
1130637 0.000135116469
647315 0.000167670601
180373 0.000225901956
1122460 0.000258959017
1130653 0.000134679457
1130657 0.000134679457
164 0.000393038735
82087 0.000722273202
82090 0.000393661951
180399 0.000804871120
82098 0.000281882855
1130676 0.000520923601
1130678 0.000419281405
1106103 0.000237673284
1130680 0.000362214401
1106112 0.000247884344
245955 0.000369276219
590022 0.000554615086
1114331 0.000476509896
1114336 0.000288179374
385251 0.000289804060
631015 0.000193865287
688361 0.000167743167
647408 0.000197610981
1114352 0.000319075041
131315 0.000476482868
73972 0.000369276219
33013 0.000228372864
647413 0.000369378244
131318 0.000560168469
131317 0.000279538071
1106172 0.000388595711
1114364 0.000445815042
213246 0.000212808283
41216 0.000305359478
229635 0.000191677995
270600 0.000357426652
631052 0.000349806947
1122574 0.000104815099
606479 0.000197855920
1114388 0.000387628516
1122580 0.000175810836
114966 0.000369276219
647447 0.000226706324
1138968 0.000396370448
1138970 0.000150676910
139547 0.000354753952
1130780 0.000181157053
1114398 0.000249678487
213279 0.000208458003
288 0.000259328414
1130808 0.000174719721
1106236 0.000311588367
672064 0.000147000162
1139009 0.000369276219
672070 0.000481381915
672071 0.000436552905
1114442 0.000496659397
49482 0.000402682867
1122642 0.000868456524
1130847 0.000304047471
90470 0.000208466897
1130856 0.000132879994
1106287 0.000451892365
1106298 0.000291475828
8581 0.000422245519
1114502 0.000797781553
98693 0.000263031549
205192 0.000180409845
24966 0.000781306997
98698 0.000225482068
205196 0.001250796684
24974 0.000452043787
8591 0.000255912839
1114512 0.000420840902
1122704 0.000242610043
8594 0.000201227945
1106330 0.000247572649
1114526 0.000398661127
147870 0.000471886627
1130915 0.000508852763
57764 0.000557684000
424 0.000632780714
8617 0.000126717686
8619 0.000073855244
57773 0.000382643452
1130927 0.000223588737
1130929 0.000153374963
434 0.000253088865
1130931 0.000223588737
16819 0.000632460285
1130934 0.000183734174
606647 0.000155653337
467383 0.000249178447
197054 0.000492226843
1106370 0.000239781293
459206 0.000344287647
41417 0.000267315411
16843 0.000397891030
459213 0.000379624146
459214 0.000684671743
463 0.000073855244
459216 0.000528695655
33231 0.000546211224
1106388 0.000415417927
377303 0.000270747142
139738 0.000130030237
1106401 0.000241067883
1106406 0.000284622144
1114605 0.000298217518
8687 0.000323737328
1106418 0.000466722441
115188 0.000369276219
504 0.000267369672
8696 0.000281441137
506 0.000381744413
582139 0.000347778403
49660 0.000241910013
8699 0.000452674145
1139195 0.000335922238
8703 0.001162104338
1114629 0.000298341810
573964 0.000151965570
238099 0.000375585384
33301 0.000367833380
33303 0.000839284844
573978 0.000359529102
90655 0.000658775901
385572 0.001070315350
1114664 0.000187691709
33325 0.000371830887
49720 0.000369276219
574009 0.000200886917
1106492 0.000434167018
8766 0.000331134379
57922 0.000532308947
787016 0.000288364159
746058 0.000375842959
1000012 0.000361513661
57932 0.000073855244
139865 0.000569667988
49753 0.000369276219
57948 0.000739914443
25181 0.000346007076
25184 0.000434228648
1131116 0.000513817898
1106546 0.000355228958
1106547 0.000182942412
8821 0.000857675358
8832 0.000317387941
1131137 0.000406939047
33412 0.000175707239
1106568 0.000320705326
1131149 0.000380910423
1131150 0.000436655249
49811 0.000237536669
1114777 0.000653577315
1131163 0.000369276219
1131164 0.000153477468
1131165 0.000105919193
1131167 0.000170589289
8865 0.000475722932
123556 0.000100711696
1131172 0.000259726169
8872 0.000617567907
107177 0.000212022933
8874 0.000403673726
8875 0.000705549021
1131180 0.000100143701
656048 0.000793833996
1131184 0.000474783710
328370 0.000169928900
49843 0.000293464075
49844 0.000619632507
1131189 0.000462973339
49847 0.000231600508
1131192 0.000918285850
688824 0.000369276219
1131195 0.000369276219
74427 0.000342945501
1131198 0.000532713736
41666 0.000623791179
1106630 0.000437471965
582343 0.001068717086
148170 0.000235820883
950986 0.000437718951
582349 0.000654977922
99023 0.000224824539
975567 0.000345867864
99025 0.000433778068
688849 0.000190703102
99030 0.000146953446
1131223 0.000289406195
1114838 0.000216825908
1131230 0.000167554875
1131236 0.000593924193
140005 0.000199844847
49895 0.000135116469
82664 0.000155729914
82666 0.000136172921
1106671 0.000299439785
1114864 0.000387183801
41714 0.000309068726
107251 0.000491832174
107252 0.000543796013
1131257 0.000162575152
1131258 0.000382297725
1123068 0.000804462878
8961 0.000344299385
1131266 0.000192922872
1131267 0.000138081103
41732 0.000119092285
1131270 0.000194722114
90888 0.000295485841
1131274 0.000173287339
1131277 0.000546519492
1123087 0.000481714738
1123093 0.000952114395
1131300 0.000221870026
1131301 0.000253037330
1131305 0.000159413879
1131312 0.000205461361
17201 0.000453329559
1131314 0.000401950754
574264 0.000097573637
17208 0.000533808271
238401 0.000133218553
1131330 0.000369276219
25413 0.000457585773
1131334 0.000189401732
1131335 0.000133309486
197452 0.000225499267
1106764 0.000458491618
1131345 0.000163258087
1106771 0.000217010496
1131348 0.000121272436
17242 0.000376483418
246618 0.001095720983
1131359 0.000359536996
1131360 0.000318518422
1106789 0.000220818998
656231 0.000168286767
1131374 0.000334940221
582511 0.000724303552
1114992 0.000719014521
1123188 0.000496305792
148341 0.000450515614
887 0.000831166422
906 0.000434690125
910 0.002211574466
1123215 0.000533395322
1131414 0.000369276219
230300 0.000776309581
58268 0.000355202791
91038 0.000073855244
263069 0.000176618838
1131421 0.000344046166
1106849 0.000116494391
1131420 0.000288998780
754594 0.000369276219
1106854 0.000118919460
1123239 0.000167838604
936 0.000323836896
648106 0.000426617246
940 0.000093744273
941 0.000124306432
943 0.000290114963
148399 0.001005093055
123825 0.000718569756
648112 0.000497720121
648121 0.000288998780
1131464 0.000788396128
74698 0.000294161682
254923 0.000400910732
74700 0.000179362735
1131466 0.000454690230
1131471 0.000340158998
17363 0.000073855244
82920 0.000898843244
943087 0.000572887009
66556 0.000279005365
74749 0.000187593970
574462 0.000132041425
689152 0.001088704880
1026 0.000742396407
66563 0.000695001310
66564 0.000115121929
1033 0.000265065124
1034 0.000694423524
1035 0.000361828321
164885 0.000638766681
1106966 0.000208247133
33818 0.000663258373
1131549 0.000615819139
1115166 0.000105507491
33823 0.000242699275
1131550 0.000432758566
66594 0.000360398480
66596 0.000195499175
1131557 0.000151328257
648232 0.000112659939
287787 0.000441329429
1131565 0.000306854562
107569 0.000366473664
1107010 0.000497635066
17476 0.001229448445
17477 0.000223931451
58436 0.000280584124
74821 0.000446131787
17488 0.000189575169
58453 0.000073855244
58454 0.000132939439
1131607 0.000237191128
312409 0.000152054914
1131611 0.000252986185
1107041 0.000250024803
762980 0.000447847989
25702 0.000436069670
33895 0.000510956026
263279 0.000389210754
33904 0.000449428242
1131634 0.000270725832
33907 0.000445829681
1107062 0.000368861429
1131639 0.000264103161
156794 0.000162836879
1107067 0.000635777217
853116 0.000142985443
853114 0.000088626292
189566 0.000224327687
1131647 0.000152514501
853115 0.000073855244
763009 0.000630254157
763010 0.000600190880
189571 0.000306942754
189572 0.000373851161
853118 0.000374856621
189574 0.000203923343
189577 0.000246828192
1107095 0.000549759056
197783 0.000345192936
1115291 0.000820114790
853150 0.000112659939
124064 0.000232833181
50336 0.000238767017
50337 0.000341010669
853155 0.000169454150
1123493 0.000369276219
591016 0.000354236970
591017 0.000625955008
74920 0.000305054268
74921 0.000305054268
58540 0.000292230647
25772 0.000462104643
42156 0.000395146032
648369 0.000369276219
50354 0.000100711696
189620 0.000396470885
189623 0.000073855244
58552 0.000461745534
74937 0.000240832316
1213 0.000326180298
25791 0.000073855244
1107136 0.000152054914
66751 0.000432532794
25794 0.000134828068
1107140 0.000169557162
1131719 0.000599212450
1123530 0.001690200537
50381 0.000427495127
25805 0.000721354675
1131728 0.000659299836
1237 0.000244662791
1131734 0.000262263381
189655 0.000121780837
566488 0.000134679457
1139928 0.000323866478
1131741 0.000426210679
1246 0.000227039434
42207 0.000292969313
66782 0.000469786495
1131745 0.000136755471
1123553 0.000135205225
1107171 0.000868120568
1131748 0.000152514501
42209 0.000116050638
74975 0.000231733907
1131752 0.000258283182
66794 0.001107917510
1131754 0.000369276219
42221 0.000263721172
1115375 0.000310026092
66805 0.000290669619
574710 0.000395795231
1272 0.001225885881
1123576 0.000145694401
66809 0.000073855244
345340 0.000781758161
255233 0.000477782432
353541 0.000283128778
189708 0.000088791935
1107215 0.000331063689
140569 0.000225808244
189721 0.000304330088
689439 0.000408759294
34082 0.000374099288
9513 0.001157248164
9515 0.000113081242
763181 0.000899557500
156977 0.000525281103
509233 0.000170499557
1131828 0.000708925849
116021 0.000223286956
263482 0.000264433937
263486 0.000308110350
124224 0.000107173741
1115456 0.000324008074
1140040 0.000229533483
263498 0.000276246374
189774 0.000933199198
1115471 0.000348173133
1365 0.003589433906
9559 0.000533395322
1385 0.000284278146
1123689 0.000262266169
288107 0.000287216667
9581 0.000149942424
1107312 0.001050561953
116081 0.000255582913
9586 0.000347913217
75121 0.000537933640
116084 0.000393140298
1107319 0.000205647577
116087 0.000292000091
411005 0.001285517402
566653 0.000134679457
1107325 0.000408995726
263553 0.000242307926
509315 0.000366481344
17798 0.000289971140
58758 0.000274888043
566664 0.000188551243
124296 0.000257463027
755082 0.000218227749
17811 0.000195499175
1107355 0.000284278146
976284 0.000351320196
17821 0.000369276219
189856 0.000410985106
66982 0.000836718309
1107367 0.000373192611
66986 0.000797290311
1123756 0.000290253940
66990 0.000792616450
206259 0.000174262232
820661 0.000369276219
820662 0.000280348129
1107385 0.000220444733
91581 0.000854222568
509379 0.000506081650
214472 0.000447666838
1481 0.001376647787
976334 0.000233012296
34257 0.000770528908
411092 0.000197310336
34263 0.000795323345
1107418 0.000322415467
34266 0.000699240901
230879 0.000562250294
714208 0.000150132704
230884 0.000437301476
9708 0.000403893355
321004 0.000369276219
9716 0.000246887169
83449 0.000221863275
1107455 0.000278614063
83461 0.000238520073
1140230 0.000142684340
1140231 0.000490457251
34315 0.000255906123
108047 0.001090703148
714256 0.000254543099
755217 0.000393893307
714260 0.000357081518
181782 0.000411615765
1115670 0.000355198603
1123867 0.000138785460
1115677 0.000222611892
206371 0.001248887454
1132073 0.000369276219
714289 0.000476734096
34355 0.000288465156
1132083 0.000394344438
1115701 0.000445478121
75318 0.000426592848
1140289 0.000413595115
427606 0.000325175848
1123926 0.000160724902
575077 0.000207253815
1107558 0.000167559335
640617 0.000132041425
1107567 0.000503583830
1107572 0.000226171768
50807 0.000369276219
1132157 0.000209197066
738941 0.000195499175
255628 0.000279213413
1115790 0.000788377740
149139 0.000287216667
50838 0.000152432057
1123991 0.000216539123
1688 0.000632075631
583318 0.000293087896
1694 0.000689792772
59045 0.000303407292
67245 0.000335087001
67246 0.000469121733
1717 0.000681681574
779960 0.000369276219
206524 0.000394217886
370366 0.000235675027
132806 0.000231027477
91852 0.000254221302
91853 0.000735121843
354004 0.000445742851
132821 0.000223582478
157401 0.000587775715
1107674 0.000203444114
67292 0.000240898699
567005 0.000754926808
567018 0.000548092088
1115886 0.000107501533
1786 0.000169417145
1132285 0.000133951862
83725 0.000198142224
1107728 0.000369276219
1817 0.000253015451
231198 0.000472386225
444191 0.000268887908
116512 0.000369276219
83746 0.000298504947
50980 0.000369276219
173863 0.000104151834
198443 0.000427064873
116528 0.000129504701
1115959 0.000275783606
575292 0.000471020278
173884 0.000402229511
124734 0.000219623653
1140543 0.000829847560
116545 0.000350553023
395075 0.000349002414
1140547 0.000152574461
1140548 0.000193448186
91975 0.000556117890
116552 0.000175267215
116553 0.000772560192
18251 0.000395479532
182093 0.000073855244
182094 0.000336117262
444240 0.000334014239
231249 0.000233051703
67415 0.000337032118
911198 0.000620961767
42847 0.000446844264
42848 0.000407438765
1132385 0.000188945319
1107808 0.000369276219
575331 0.000202786263
100197 0.000239437442
51045 0.000298837626
337766 0.000073855244
141160 0.000447014189
51049 0.000279101421
59244 0.000359561084
51052 0.000163506536
83826 0.000273618459
141171 0.000637350313
1132406 0.000543053263
1919 0.000260762464
1132416 0.000152054914
1132418 0.000329549316
83847 0.000448060744
18313 0.000073855244
1116044 0.000236675924
616336 0.000182857722
1132434 0.000243426615
34708 0.000345574312
1107861 0.000295306842
75674 0.000285230507
1132443 0.000529738641
124828 0.000215038325
1949 0.000294973546
1951 0.000073855244
1952 0.000258697408
1953 0.000326187460
92065 0.000255039030
1955 0.000215971922
1956 0.000515151317
1959 0.000244462405
575402 0.000279991263
1132459 0.000164190184
75691 0.000196522678
1132461 0.000640191468
75693 0.000193233080
75695 0.000573193398
75694 0.000193233080
10169 0.000814222615
10174 0.000073855244
608191 0.000149203972
608190 0.000094580627
10177 0.000299676222
1132486 0.000293433566
10183 0.000437656275
10186 0.000407680275
1997 0.000540304964
1999 0.000365418128
739280 0.000073855244
272345 0.000849242959
1132505 0.001208298303
632796 0.000243062455
51180 0.000279324484
1116146 0.000256321070
714748 0.000299534963
198653 0.000327788036
67584 0.000482003514
141324 0.000263389530
1116181 0.000575115707
124952 0.000441676747
141342 0.000146922060
141347 0.000172067124
608292 0.000287245607
632874 0.000226852433
67633 0.000237511819
84020 0.000302440631
84021 0.000845637618
116790 0.000412855143
1050679 0.000248549206
157761 0.000617490357
608326 0.000258008758
1108050 0.000206643299
18532 0.000337288018
632935 0.000101633876
18536 0.000168990812
256106 0.000342325648
1116268 0.000330390232
157805 0.000120333211
714879 0.000631572687
346243 0.000160910636
34961 0.000275572186
18582 0.000307105818
264347 0.000379769319
43165 0.000369276219
1132706 0.000165646996
34979 0.000349275124
149669 0.000218744019
1116328 0.000120358672
1116336 0.000276623948
43186 0.000160939273
346292 0.000264781279
18615 0.000421411931
239800 0.000166573512
1116347 0.000263941400
18619 0.000264300527
1132731 0.000191085880
10430 0.000181446259
75969 0.000808192616
239810 0.000307196700
10435 0.000269798067
75972 0.000496727969
633030 0.000369276219
1108167 0.000380933866
633031 0.000369276219
1108169 0.000448611586
1108175 0.000225442666
75983 0.000517488622
198866 0.000136165392
239829 0.000157680048
714975 0.000492725578
26850 0.000231946956
190697 0.000595451731
59626 0.000133670648
190698 0.000296772607
1116397 0.000438639833
1108209 0.000281615976
190706 0.000166702063
35061 0.000463829701
633081 0.000122163792
1116410 0.000678725324
35070 0.000147509020
1132809 0.000163670381
1132815 0.000134736026
395540 0.000253915553
395547 0.000736934143
141596 0.000073855244
395553 0.000388088841
1108258 0.000474783710
10531 0.000547604360
1108267 0.000530362984
280876 0.000434989763
2354 0.000384062143
575795 0.000349948761
248119 0.000457988928
1132857 0.000474783710
289085 0.001130625874
289088 0.000100711696
1132864 0.000152054914
59715 0.000404318099
321861 0.000592312448
919885 0.000113709806
272720 0.001221595544
18770 0.000073855244
174418 0.000233206220
18773 0.000276731952
18774 0.000178094831
1132887 0.000128476378
18777 0.000492319473
174425 0.000135462146
18781 0.000443778983
100701 0.000173865166
756061 0.000491814263
18785 0.000192196315
1108329 0.000490330600
264556 0.000073855244
1116530 0.000111326062
1132922 0.000112659939
18811 0.000369847416
18812 0.000358437749
59772 0.000163254123
739707 0.000334916896
18815 0.000249092250
2440 0.001124311178
1108363 0.000501651151
18832 0.000435926592
18833 0.000348118153
158098 0.000196566591
18834 0.000701540694
1132948 0.000174719721
59798 0.000278320464
379288 0.000073855244
1116569 0.000293714426
854434 0.000115240555
108962 0.000430870768
330148 0.000378488237
1108389 0.000391826649
108963 0.000328567064
1132968 0.000309564426
92589 0.000219411414
133550 0.000348217615
362926 0.000152054914
108974 0.000282728216
133553 0.000238333075
1116594 0.000191689147
108983 0.000109088555
133563 0.000425365249
133566 0.000656011868
133567 0.000279020066
1133004 0.000151782193
395725 0.000593031353
1133008 0.000369276219
1133010 0.000292119635
1116629 0.000132631871
158172 0.000226914107
330208 0.000226669956
1133028 0.000183734174
1124837 0.000369276219
739816 0.000448473510
84459 0.000299674159
1124844 0.000441718672
133615 0.000252376256
1133047 0.000170499557
133628 0.000369276219
469504 0.000312788234
649730 0.000302581126
649731 0.000319571174
35335 0.000335245794
649739 0.000302581126
682508 0.000369276219
35343 0.000427471733
68115 0.000234952359
166420 0.000175110893
207395 0.000220692374
27174 0.000231741711
10793 0.000216539123
10796 0.000940988551
141868 0.000488870410
10798 0.000319121435
436796 0.000155812618
27199 0.000591124412
428610 0.000257889815
27203 0.000459696181
117316 0.000165066002
117315 0.000240264346
1108551 0.000151863993
100935 0.000282441429
248395 0.000430922193
117328 0.000158261237
1108570 0.000369276219
2653 0.000830520754
27230 0.000768432698
2654 0.001099462198
100961 0.000132631871
2658 0.000931603877
19045 0.000303450233
2663 0.000468722159
248425 0.000442652429
2665 0.001121238163
27241 0.000213551102
27243 0.000224977227
27246 0.000156608612
248431 0.000156969941
27249 0.000288116543
27250 0.000347377447
1108597 0.000134679457
43639 0.000258705337
51831 0.000104563712
51834 0.000512823225
68224 0.000319816607
2695 0.000789713824
2696 0.000951635247
2698 0.000448683126
1133196 0.000171318015
2702 0.000147566555
51866 0.000236890510
35490 0.000349180624
1116835 0.000236830794
1116839 0.000134679457
51879 0.000148931933
1116842 0.000178426509
682666 0.000855584609
1108656 0.000344157303
43698 0.000349859432
559804 0.000392317538
240321 0.000546686537
51909 0.000511172258
387795 0.000823911336
84695 0.000117414457
649944 0.000474783710
1125082 0.000113709806
51934 0.000073855244
1125092 0.000808515708
10981 0.000261803645
568045 0.000524508631
191216 0.000248075662
633585 0.000283493219
191222 0.000435551096
1108728 0.000217856287
1116922 0.000713005889
510715 0.000217230366
510718 0.000209747156
60159 0.000941888819
273152 0.000193752118
576257 0.000307926974
60169 0.000602801758
60170 0.000132631871
109323 0.000101383259
101143 0.000529337981
101145 0.000448595332
1133338 0.000131284341
19231 0.000430465410
52000 0.000353280417
52003 0.000414876191
52007 0.000383958932
502574 0.000272146783
1116974 0.000217010496
682815 0.000334808968
1133390 0.000211575012
11093 0.000120455253
1108834 0.000351093672
215912 0.000341373329
1133417 0.000277680145
1108841 0.000301722497
576362 0.000225826799
68463 0.000260464996
1133428 0.000261646302
27510 0.000435754469
633721 0.000493928663
27514 0.000219278042
1117049 0.000369276219
27530 0.000232723560
27531 0.000237247808
11148 0.000427417838
101261 0.000073855244
1125258 0.000369276219
27535 0.000447331213
68495 0.000195888168
101263 0.000453102405
199571 0.000139397876
158614 0.000108138305
27543 0.000233306469
68505 0.000123084328
1133469 0.000214354426
1117089 0.000547702171
617378 0.000369276219
641956 0.000416333423
166825 0.000290149611
191404 0.000103059277
134060 0.000558166589
641976 0.000289867937
592826 0.000336671230
142268 0.001071890935
592830 0.000695197122
35778 0.000308291413
35797 0.000576072799
27606 0.000089837977
27612 0.000307771280
27623 0.000542893791
27627 0.000304225218
27631 0.000265463741
134128 0.000620859923
44017 0.000441082225
27632 0.000149154727
265203 0.000122200795
289779 0.000266621091
289780 0.000713990571
289781 0.000506118404
248823 0.000385408405
1117184 0.000438891537
1125386 0.000296816519
3084 0.000531585119
3085 0.000415419755
35854 0.000229680450
35852 0.000226185196
1125393 0.000817324284
3095 0.000205517947
35863 0.000255004598
1109017 0.000151548822
3097 0.000254334662
1125402 0.000347718611
3101 0.000547670555
1117219 0.000204064736
3112 0.000634477570
134199 0.000150096836
11325 0.000136377550
11326 0.000151508120
35905 0.000383125811
1117249 0.000117236912
11335 0.000420307487
11337 0.000170082658
11339 0.000485330433
134219 0.000156063734
592973 0.000097573637
11342 0.000287015108
592975 0.001219326259
166989 0.000315707080
35922 0.000850877711
44121 0.000369276219
592986 0.001170141755
1125467 0.000156573442
314459 0.000500446667
1125469 0.000611255465
289885 0.000315190593
93273 0.000263721172
158812 0.000274941734
592993 0.000305948603
592996 0.000253299514
617575 0.000369276219
928873 0.000377290626
1059953 0.000227393283
3187 0.000290738188
1125492 0.000198340053
3191 0.000800110453
3192 0.000394281659
396412 0.000400255734
593022 0.000239647910
93318 0.000198841045
93320 0.000242040135
60560 0.000369276219
3217 0.000257687040
3218 0.000680495379
3220 0.001093314790
3222 0.000572535064
3223 0.000368773714
240791 0.000387561101
519318 0.000467144747
175256 0.000276541386
289945 0.000073855244
232605 0.000285693259
3229 0.003038909930
3231 0.001978945516
3232 0.000467783593
3233 0.000558099007
232606 0.000261346275
3235 0.000142316199
3236 0.000206933688
3237 0.000436742567
1117348 0.000169583539
19621 0.001190611892
3240 0.000443878714
134307 0.000483571439
593060 0.000330976540
3243 0.000620779585
134316 0.001195487263
593068 0.000209413932
134314 0.000168525607
134315 0.000073855244
134320 0.000073855244
126128 0.000127074590
576691 0.000406692664
519353 0.000606287824
175291 0.000237730399
1109185 0.000199691685
593091 0.001125536334
1109199 0.000225548290
593104 0.000311903082
593105 0.000263245404
576725 0.000131284341
1109208 0.000254061512
1125597 0.000128247177
19697 0.000095408542
27895 0.000352989266
593155 0.000129684560
60682 0.000197103312
1133846 0.000305054268
576795 0.000835310341
101660 0.000278206308
101662 0.000279196350
683294 0.000263768728
52515 0.000276620530
1117476 0.000168706474
167205 0.000125037814
36131 0.000134865644
36140 0.000318031519
36145 0.000279875797
593201 0.000145415731
85299 0.000154297575
77108 0.000365699285
77112 0.000220134985
593209 0.000203654200
593210 0.000811242872
1117501 0.000290286056
118079 0.000382211263
36162 0.000376308542
36167 0.000227316665
85324 0.000115492880
44368 0.000358018593
593240 0.000567817817
683355 0.001960931076
683360 0.000152054914
593248 0.000974289429
85352 0.000689355696
1133930 0.000369276219
593260 0.000185975641
159084 0.000195499175
159085 0.000412720480
93555 0.000190804051
601462 0.000501581535
28026 0.000257791739
683404 0.001868255864
1109392 0.000306149694
232860 0.000369276219
44455 0.000138753900
593328 0.001207629673
593329 0.000270103984
1117618 0.000791479813
101811 0.000167885254
380341 0.000369276219
486840 0.000386556645
175548 0.000148930232
1109439 0.000224080555
1134022 0.000178898704
85449 0.000358840867
85452 0.000307490616
576973 0.000184178306
1134031 0.000527731944
1117653 0.000178666585
175576 0.000229680450
601561 0.000264183984
208345 0.000583925661
110041 0.000124648806
601567 0.000145500113
44514 0.000073855244
1134056 0.000369276219
241133 0.000315642002
470511 0.000362124322
445938 0.000557282852
118259 0.000113208261
118260 0.000779537212
1125895 0.000209602312
1125906 0.000447571941
552469 0.000138785460
1125909 0.000634297230
568857 0.000432822940
273949 0.000647669142
642593 0.000369276219
1109542 0.000121882357
28202 0.000612905868
52784 0.000547875740
650807 0.000442924806
323128 0.000259375286
1125944 0.000347718611
93755 0.000165727425
642621 0.000298583301
577086 0.000108323032
1109566 0.000169482527
1117760 0.000369726663
650814 0.000336589987
1125953 0.000437379385
28227 0.000169865243
28230 0.000216764127
249421 0.000450639063
1109581 0.000556135111
69198 0.000352769146
642641 0.000073855244
110162 0.000761437502
110163 0.000795407473
110164 0.000998107663
650834 0.000327378189
28249 0.000261538240
1117786 0.000312763810
28254 0.000689941521
52835 0.000281055277
1125992 0.000857475422
28265 0.000261510210
421481 0.000073855244
28267 0.000138013779
1125993 0.001203229052
52847 0.000395907915
1134197 0.000369276219
28278 0.000423700914
642681 0.000409275148
1126011 0.000144523527
1126012 0.000196332629
77438 0.000540503325
28287 0.000487088703
28290 0.000314434828
593544 0.000203319608
1117833 0.000168169356
1126029 0.000427119410
61069 0.000578078415
61073 0.000166086685
233106 0.000195499175
1126037 0.000190714226
593559 0.000566998463
118424 0.000234085829
593560 0.000566998463
1126044 0.000501822177
1126050 0.000312464494
118435 0.000234085829
69284 0.000284726221
118436 0.000801152752
102061 0.000220447797
69296 0.001296771255
28336 0.000397374441
85688 0.000141295357
28350 0.000584945300
28359 0.000141856476
577227 0.000200886917
77515 0.000150588982
20178 0.000439027742
20179 0.000073855244
20180 0.000118742746
429781 0.000317248750
1117920 0.000887371838
20193 0.001672665699
28385 0.000359596877
28387 0.000510831735
93923 0.000207875941
28389 0.000149356260
167656 0.000442605701
429805 0.000667449008
642798 0.000464677167
1134320 0.000160116549
3828 0.000336787443
814836 0.000369276219
1117942 0.000343147256
167670 0.000436836215
28412 0.000217392609
1134346 0.000697391596
642827 0.000470318465
36620 0.000423091229
1134348 0.000414541266
69392 0.000305425539
69397 0.000285976706
118558 0.000169747750
118559 0.000419765365
200480 0.000447729640
28447 0.000541759476
642847 0.000117158866
175909 0.000248794584
28456 0.000466755628
560936 0.000376880173
69418 0.000200758770
216877 0.000284916294
216878 0.000551772834
577331 0.000504501696
28471 0.000192309001
28473 0.000270027475
446271 0.000389349464
675649 0.000684989067
1118017 0.000544069789
28485 0.000239512898
1109830 0.000306144405
307015 0.000341923309
28487 0.000233376396
126793 0.000193908113
28489 0.000073855244
28491 0.000214023999
642894 0.000427187405
28504 0.000371079206
3932 0.000138471622
184157 0.000339864455
626530 0.000379058370
626531 0.000249444863
642920 0.000263768728
1109873 0.000414599755
642930 0.000369276219
12155 0.000214982472
12158 0.000389945349
28542 0.000120325174
61312 0.000221927624
315266 0.000624695755
1118083 0.000272029695
1109891 0.000319085748
12165 0.000568156438
151430 0.000279493389
12169 0.000314595280
1118092 0.000519220050
626574 0.000454870044
126867 0.000369276219
126868 0.000263768728
593813 0.000266510286
12182 0.001084541489
118682 0.000255443623
12194 0.000073855244
12195 0.000600966109
12197 0.000338322606
12198 0.000411971856
12199 0.000502078557
1118120 0.000152884452
1126315 0.000369276219
675756 0.000396067659
12210 0.000177136062
12211 0.000188914776
200630 0.000103893178
643003 0.000486398420
126909 0.000103397341
77758 0.000271074722
126912 0.000394269981
36802 0.000320337326
593859 0.000206333408
1109957 0.000254753433
126920 0.000199935239
954315 0.000497274327
1126350 0.000300770817
12238 0.000261288588
126927 0.000787999929
126926 0.000073855244
12247 0.001040560177
28632 0.000117236912
135130 0.000433279722
143323 0.000196368302
28640 0.000275390885
28641 0.000335983186
815073 0.000073855244
28649 0.000073855244
61417 0.000372572445
733167 0.000354719539
1110000 0.000195683927
12275 0.000152054914
815096 0.000237964392
45052 0.000297669046
643069 0.001055534000
1118209 0.000343041597
77826 0.000328183635
28674 0.000139691826
249858 0.000941058378
77829 0.000233869522
102406 0.000224307748
675847 0.000535032687
45061 0.000151508120
1110024 0.000251455169
593921 0.000263573345
1110028 0.000302314761
94229 0.000337094514
634902 0.000234494135
593942 0.000696957375
634904 0.000234494135
217115 0.000298288447
1118245 0.000521637956
12330 0.000478702001
20526 0.000509112615
20528 0.000650443367
12337 0.000135563258
217139 0.000216245921
987188 0.000378093631
20534 0.000481572711
127033 0.000652691725
634938 0.000213959327
12347 0.000136824859
987197 0.000153561917
12350 0.000375981751
503871 0.000228940160
503877 0.000425690128
12359 0.000224919030
503883 0.000536536940
282700 0.000200369070
1118286 0.000152773621
503893 0.000258763595
561238 0.000132041425
118873 0.000358602298
594011 0.000255845922
1118302 0.000195886101
634975 0.000508070649
1126503 0.000196442026
20584 0.000426391430
594025 0.000816063725
340075 0.000234608855
340078 0.000403547687
20592 0.000219049104
20593 0.000322380837
143476 0.000162622043
594039 0.000241616848
20601 0.000323017062
20602 0.000234212546
1118332 0.000445036697
372862 0.000960351422
594047 0.000300453445
643199 0.000488092148
45188 0.000496998174
45189 0.000685866349
307336 0.000550320823
1118347 0.000579462941
348305 0.000073855244
446610 0.000175750288
643221 0.000663315683
782486 0.000175652680
12439 0.000262713454
159897 0.000532473307
151708 0.000498720372
45212 0.000327477875
241821 0.000412720480
643239 0.000224908890
397488 0.000319494313
4274 0.000315187744
28851 0.000159362255
1118388 0.000433920996
299195 0.000377384222
299197 0.000260235194
1110209 0.000507553625
594119 0.000369276219
94416 0.000356604584
258259 0.000204642494
561364 0.000258734949
192734 0.000252608764
610529 0.000369276219
4329 0.000551767582
4330 0.002213500059
4335 0.000527150051
1110256 0.000341199340
86258 0.000167199747
430329 0.000104563712
1061127 0.000103836880
12558 0.000421982738
1134865 0.000479367583
348437 0.000812375987
397590 0.000186212057
520471 0.000454406950
28957 0.000391015227
12576 0.000768254209
28964 0.000684647198
135464 0.000207150645
626999 0.000292648683
143676 0.000761648271
340299 0.000191689147
627024 0.000332759734
708945 0.000612131696
192850 0.001230959419
1118546 0.000430449160
684372 0.000262903731
20821 0.000468677151
86359 0.000702495779
12631 0.000325222759
12638 0.000185786462
733534 0.000343598298
20833 0.000212303415
192870 0.000321015199
20850 0.000280220470
1110390 0.000310325107
20857 0.000438765384
733576 0.000141470790
168332 0.000073855244
315789 0.000655167485
1110426 0.000189636518
643485 0.000185702336
561568 0.000153063719
1110438 0.000278247256
561581 0.001299495262
561582 0.000693645445
94639 0.000221073081
94641 0.000329232855
20920 0.000415493274
143801 0.000289701842
561593 0.000225093707
20923 0.000234192601
20924 0.000689294959
561595 0.000249971985
1118658 0.000588341475
307656 0.000289181094
4553 0.000369276219
561610 0.000138873325
561611 0.000073855244
561613 0.000109331227
20942 0.000181087017
594387 0.000365779378
168410 0.000433068669
45533 0.000375090149
1110494 0.000112659939
102879 0.001029822193
102884 0.000107101594
4584 0.000807517504
1135082 0.000253558287
20972 0.000626574560
430574 0.000369276219
1110515 0.000488611338
684531 0.000143962911
1110520 0.000216338390
709113 0.000567346483
94713 0.000548650274
1110531 0.000415950906
1135108 0.000323223958
561674 0.000226275833
1135115 0.000544341095
643597 0.000222821702
1110546 0.000531217112
1135122 0.000432337459
1135125 0.000335459247
102938 0.000761648271
102939 0.000073855244
1102364 0.000229127696
4637 0.000220633542
45599 0.000159180969
1135137 0.000186538091
1110563 0.000519845762
45603 0.000348902516
45605 0.000524820270
4649 0.000416612616
1118764 0.000322597449
1110579 0.000841921842
4660 0.000504284522
594483 0.000369276219
1102400 0.000392643915
1102407 0.000112659939
594511 0.000306247174
389715 0.000522288709
135765 0.000140457481
184918 0.000587756949
135766 0.000110887483
1110628 0.000369276219
1118823 0.000305559984
1102442 0.000180349267
37483 0.000246258611
594543 0.000131929919
643695 0.000259077841
135798 0.000211518034
430711 0.000195499175
561789 0.000168990812
1118848 0.000160614902
70281 0.000203564962
561809 0.000272640774
12946 0.000163607933
643734 0.000764265320
643735 0.000073855244
152219 0.000273027381
12960 0.000611947251
152226 0.000291912229
152227 0.000298900001
37541 0.000236756655
78508 0.000165343886
78511 0.000234421622
53942 0.000161633568
643777 0.000685279952
4804 0.000581811070
250566 0.000181157079
1102548 0.000369276219
78549 0.000295103676
1102550 0.000335432843
78552 0.000218808487
594649 0.000357802409
78555 0.000165343886
78557 0.000476844863
13024 0.000605607557
1102567 0.000377702705
94953 0.000117007923
365294 0.000123332480
1110768 0.000136914412
1135345 0.000182679490
447224 0.000656106036
267003 0.000276326367
217852 0.000194024444
1135358 0.000158273182
578306 0.000195385940
578309 0.001425461164
1135368 0.000112659939
529165 0.000369276219
4878 0.000293768764
447250 0.000293151720
1119004 0.000112687131
1102625 0.000206136238
578337 0.000469335708
308003 0.000190720580
70441 0.000388858335
70442 0.000375957362
578347 0.001506362123
70444 0.000344287388
29492 0.000309598560
1102646 0.000865909571
86840 0.000787434955
578365 0.000073855244
62274 0.000707646951
193347 0.000494489129
193352 0.000364479155
193354 0.000452219034
13136 0.000260477692
144212 0.000455992213
1135455 0.000152054914
1119078 0.000267262340
545647 0.000724303552
54129 0.000601234827
54131 0.000485876786
54132 0.000330131428
4983 0.000073855244
70520 0.000073855244
62329 0.000348933136
62333 0.000526117448
217984 0.000317865605
119686 0.000255775052
13193 0.000233226252
62347 0.000565332117
13195 0.000474679451
86923 0.000658573702
709518 0.000369276219
562067 0.000678608944
13205 0.000158174396
693143 0.000598876658
13208 0.000286082794
13212 0.000565587928
13213 0.000161849903
1102751 0.000558975286
119712 0.000177438857
152483 0.000259268903
1119140 0.000264790731
1110947 0.000339419119
1110950 0.000369276219
1102761 0.000720309509
684972 0.000424659789
5038 0.000413396005
62389 0.000418926708
824245 0.000369276219
684986 0.000120455253
5055 0.000643528337
160705 0.000265981859
127940 0.000929874039
5062 0.000278808842
5064 0.001219111727
1102794 0.000287216667
562123 0.000276102820
1119180 0.000134679457
5069 0.000581632094
242637 0.000781680896
144330 0.000166311911
1119178 0.000176873323
463825 0.000428363329
62417 0.000234260220
5075 0.000273372625
594900 0.000258283182
119761 0.000463294800
1110998 0.000526921492
13269 0.000202994160
95188 0.000550822963
177115 0.000073855244
160732 0.000195499175
5086 0.000378510187
95198 0.000242239657
521183 0.000211051338
1135589 0.000181456263
242663 0.000448256444
1119211 0.000346300862
1119216 0.000329349143
521207 0.000383064150
37879 0.000182855935
95225 0.000173095877
37884 0.000317198434
644093 0.000454850800
168958 0.000326968120
46079 0.000230379174
37888 0.000386115213
1102850 0.000113681019
1127430 0.000132041425
103430 0.000362790632
308232 0.000252489124
1111052 0.000237451166
29708 0.000104815099
144408 0.000276120096
1102873 0.000178576711
29723 0.000318077364
521251 0.000449521217
521252 0.000312738461
300071 0.000636843891
29738 0.000369276219
521269 0.001411717491
259126 0.000157611952
103482 0.000358925834
111676 0.000073855244
1119295 0.000273756781
5194 0.000369343377
1152075 0.000178426509
578645 0.000404901185
578646 0.000850898001
578649 0.000439534744
578650 0.000278168534
103515 0.000659831539
431206 0.001164154845
103528 0.000348505354
103529 0.000450329334
1127530 0.000140877683
103531 0.000382108816
578669 0.000295796118
37998 0.000232985845
595056 0.000351996738
38000 0.000407043344
103537 0.000138908750
1127541 0.000134195466
103543 0.000523219281
595063 0.000457023543
1127551 0.000118919460
1135746 0.000214674366
1135750 0.000349553389
1127558 0.000275093748
1127566 0.000745276768
1152143 0.000439973253
62607 0.000369276219
78994 0.000292323871
1111186 0.000249678487
119956 0.000170929832
1152150 0.000199750195
111770 0.000339734121
152731 0.000279180132
1152162 0.000253127985
513189 0.000271959655
1103016 0.000432771683
62634 0.000180242524
1152179 0.000152884452
1103031 0.000539138097
1111230 0.000208470325
1103038 0.000398258301
1152194 0.000138561222
636098 0.000188259107
341188 0.000530695799
1127619 0.000158784500
734406 0.000291591907
1111240 0.001351026968
128202 0.000413323076
95435 0.000482965297
128203 0.000424333489
120013 0.000251446417
193742 0.000267013650
62676 0.000195499175
595157 0.000154471539
578780 0.000200279564
1111265 0.000153024844
5348 0.000922509479
120039 0.000330282864
1127657 0.000111215923
644334 0.000294109527
1119471 0.000865022343
1152244 0.000348194207
595193 0.000225464053
111866 0.000970417835
62718 0.000162544022
1152259 0.000308090669
1111304 0.000740383100
644361 0.000073855244
644363 0.000073855244
1152272 0.000253127985
1119505 0.000230379174
120084 0.000372731342
1152277 0.000267332710
54550 0.000108867750
1135894 0.000326565038
1135899 0.000527415086
578845 0.000197723645
1152290 0.000421762980
144679 0.000413416471
218410 0.000236395669
308529 0.000269924728
1152307 0.000233023926
1152308 0.000254705641
1103162 0.000578599478
70970 0.000508345057
38205 0.000496774961
144701 0.000664245569
169279 0.000372850669
169280 0.000264387132
87363 0.001341350804
644427 0.000138885306
5454 0.000319816607
578898 0.000170806658
1135955 0.000369276219
13652 0.000093549975
5462 0.000252372870
13654 0.000267657664
13656 0.000263811874
644441 0.000308800556
13658 0.000461733475
95579 0.000397607410
46431 0.000327713121
644448 0.000526499938
95586 0.000539976699
95588 0.000153376733
95589 0.000740808118
1152358 0.000317459746
95594 0.000284714801
95597 0.000153376733
46452 0.000156654053
13686 0.000506678599
284023 0.000413719927
644470 0.000587821679
87417 0.000483364651
284025 0.000637335333
1152379 0.000120358672
193918 0.000290019630
128383 0.000278678256
1127810 0.000677805937
46468 0.000209871927
210309 0.000226461277
46470 0.000231017966
1119623 0.000664697194
1127812 0.001005432579
1152394 0.000369276219
193931 0.000516351996
46476 0.000111138845
193932 0.000725047108
226698 0.000343121893
644494 0.000556988565
13717 0.000596739646
95642 0.000295496812
46491 0.000676228754
46500 0.000095057347
1152421 0.000188450607
46501 0.000163307057
1119654 0.000369276219
1136040 0.000369276219
1127851 0.001267197042
1152436 0.000178459328
292277 0.000073855244
1119671 0.000448834351
1127863 0.000293618248
87482 0.000429096714
579008 0.000459567378
1152448 0.000233023926
161221 0.000360333462
46536 0.000127626027
1103315 0.000563002455
46547 0.000180049191
136665 0.000103059277
1119708 0.000308427622
5600 0.000589463089
644577 0.000327455302
112099 0.000178427624
1153896 0.000454976621
95718 0.000278279029
95719 0.001016358013
153063 0.000399104812
1127913 0.000280710154
1152490 0.000348281443
1136110 0.000205005627
1152508 0.000097573637
1119742 0.000144523527
1119751 0.000506278176
1103383 0.000225464053
128540 0.000823911336
1103394 0.000254809285
579108 0.000146841548
390693 0.000179496514
423463 0.000183483989
218666 0.000242596995
267824 0.000183077671
1152564 0.000198843078
1152569 0.000166006917
218682 0.000174122378
54844 0.000468722159
13885 0.000519593596
1111614 0.000142687652
136766 0.000701329805
136768 0.000204722542
136767 0.000290488884
243274 0.000445815042
38480 0.000393602850
636500 0.000243250898
13917 0.000266532625
636511 0.000308034490
259701 0.000173815229
259702 0.000413476088
1152633 0.000305051951
521855 0.000202121117
13960 0.000511213166
38537 0.000324777152
1103499 0.000185394020
13966 0.000155649367
13972 0.000198841045
1152663 0.000168413519
964248 0.000558771208
13982 0.000166995286
1152673 0.000267332710
1152676 0.000232412113
71336 0.000147713230
194223 0.000280739863
1111733 0.000208693063
1136310 0.000100212749
308920 0.000214889274
259772 0.000224139510
325314 0.000170899266
1152711 0.000456164741
1152714 0.000769367873
22229 0.000750874289
1136342 0.000162421335
1128151 0.000111974935
22241 0.000484998684
1152740 0.000435078280
390889 0.000378687660
628458 0.000369276219
628459 0.000369276219
1111788 0.000179359287
5869 0.000248326133
14062 0.000345744601
145134 0.000095408542
390896 0.000221065092
390894 0.000255355872
644843 0.000143170182
1119987 0.000232635968
1152761 0.000277032605
112378 0.000402476538
1103610 0.000252960323
562940 0.000137369044
284414 0.000190904557
14083 0.000325163592
300806 0.000328509505
1128198 0.000430473523
1136393 0.000295037468
390922 0.000278367479
14090 0.000246963923
1128204 0.000134225376
1136397 0.000283833546
1128201 0.000742115311
1128208 0.000184178306
1120019 0.000369276219
628500 0.000554980793
1120020 0.000335078862
767763 0.000604328209
145176 0.000284887487
202520 0.000248958279
202522 0.000177681773
243483 0.000307994826
1128227 0.001007945627
1136422 0.000157746961
46887 0.000281192547
751408 0.000402824089
1120049 0.000375374894
481073 0.000520389776
1152821 0.000112659939
1136442 0.000112659939
1120059 0.000348881135
1103676 0.000334248483
1136446 0.000746904737
145215 0.000409579893
1128256 0.000240568533
1136447 0.000672250508
38722 0.000390114705
1136449 0.000361961061
399173 0.000142687652
5959 0.000168226292
177993 0.000225332141
1128267 0.000265106443
5966 0.000679885679
177998 0.000288812687
1095507 0.000462379137
1120084 0.001252054115
1152858 0.000369276219
1111899 0.000209493559
1152859 0.000154941170
1128291 0.000342583330
227178 0.000393858149
87915 0.000491883018
251756 0.000196771146
22386 0.000275389495
38771 0.000369276219
1103737 0.000308035804
1128314 0.000273698592
325497 0.000237296839
1128319 0.000365356452
1152896 0.000400990834
1152904 0.000253127985
423816 0.000238904832
1120138 0.000571803926
1152910 0.000116660044
202639 0.000510022201
1152917 0.000214154884
645016 0.001020710258
22431 0.000237243379
145315 0.000263768728
1120169 0.000421762980
1120170 0.000198850732
1111978 0.000323406909
137130 0.000141891666
38829 0.000588509822
604073 0.000369276219
1152944 0.000401431991
1128369 0.000225464053
948147 0.000242020049
645046 0.000150751168
210871 0.000619444916
38839 0.000754438497
210872 0.000200960024
628667 0.000217550213
628668 0.000384444949
38845 0.000517302908
38846 0.000196340363
686015 0.000401235284
1152958 0.000293040410
79809 0.000844514775
1152959 0.000156599232
1120197 0.000280998568
79817 0.000370479396
415693 0.000229524307
686030 0.000149154727
1152975 0.000233023926
612306 0.000326943739
1120211 0.000167768080
227286 0.000634408560
1128407 0.000217007770
1112026 0.000145428252
645084 0.000350982986
1152991 0.000308090669
645088 0.000183159147
145384 0.000284714801
1128425 0.000406669556
399339 0.000308086956
1153003 0.000550553342
6125 0.000447986596
1128430 0.000281608231
686061 0.000344538456
120817 0.000372470874
6130 0.000595187968
63477 0.000315294615
1153014 0.000248282163
1128437 0.001452812440
1136631 0.000667430162
1136634 0.000183967754
1120252 0.000192823735
153598 0.000319450441
63486 0.000617493146
1153024 0.000253430442
1128453 0.000466533243
6151 0.000366397664
6152 0.000313865220
1153031 0.000369301013
399370 0.001085042824
6155 0.000302695697
1112075 0.000205521217
899085 0.000369276219
1112071 0.000533395322
628751 0.000596959927
129042 0.000593165348
6163 0.000515453851
129045 0.000674046811
6169 0.000457837193
6170 0.000117995968
260121 0.000137670259
628764 0.000662775749
628766 0.000198934936
1153056 0.000162793013
178209 0.000289510504
22563 0.000456247734
1112099 0.000534299521
22564 0.000144027536
22566 0.000218407957
6184 0.000450870124
1153065 0.000131284341
1153064 0.000132593923
1112106 0.000305054268
899119 0.000653061968
194609 0.000465669271
6196 0.000386981489
71736 0.000320327781
194617 0.001071493752
63549 0.000193569842
6209 0.000541103924
6210 0.000318080044
1153091 0.000206997013
6213 0.002641911771
6214 0.001177619839
735303 0.000608804857
6215 0.000239478599
6216 0.000251552802
1153097 0.000346803458
948299 0.000183239974
6220 0.000275432626
1153101 0.000263292557
6217 0.000171104553
96335 0.000275409798
628815 0.000179274578
6224 0.000491721494
1153106 0.000118846053
1128531 0.000363881454
219218 0.000369276219
194645 0.000218324456
735311 0.000560899321
1103960 0.000456659757
1128536 0.000176789881
14428 0.000254334957
14429 0.000500625185
6238 0.000713417808
14431 0.000406896677
14430 0.000342161395
1103969 0.000363260470
1128542 0.000111091019
30817 0.000275540679
522338 0.000195499175
219239 0.000868848002
1103979 0.000456668748
55403 0.000256064725
596075 0.000285590462
350319 0.000207630251
1103985 0.000131284341
1153148 0.000170661740
1153150 0.000263292557
653441 0.000625641431
1112194 0.000254798800
1104007 0.000242395675
1153160 0.000158359735
1153166 0.000237527568
137359 0.000394591877
1153169 0.000192476418
112787 0.000252085898
235670 0.000456935633
1136791 0.000335338666
628888 0.000281320944
350362 0.000231672315
235678 0.000398106203
1153183 0.000421052451
1104031 0.000143691382
235679 0.000515351366
235683 0.000258782098
137380 0.000177032222
350373 0.000095057347
6311 0.000486532603
1153195 0.000273056002
112813 0.000134679457
1136814 0.000202617097
1120431 0.000462728425
30895 0.000497853505
6318 0.000505436807
30901 0.000575557599
1104055 0.000218134833
1120444 0.000559427014
6334 0.001123647122
14529 0.000419123981
14531 0.000293771179
6343 0.000413011469
6344 0.000300847376
6346 0.000251133055
14545 0.000212591103
39124 0.000236412731
989397 0.000338677566
39126 0.000588915246
14549 0.000290930774
30934 0.000253640105
39127 0.000745671923
39130 0.000178026360
39131 0.000353913785
71904 0.000073855244
309476 0.000260523782
1153254 0.000103836880
6378 0.000493191264
1153262 0.000306392264
1153264 0.000147509020
6385 0.000646544995
1153275 0.000223629539
30973 0.000190068762
39165 0.000366132932
1112319 0.000674259702
1153280 0.000188450607
235776 0.000322156546
1153287 0.000461651084
129287 0.000475283494
162075 0.000462993398
39199 0.000287544147
162080 0.000544121199
88356 0.000660298796
39210 0.001584553145
1112369 0.000408684360
22835 0.000352797041
1120563 0.000554625430
1104182 0.000436994830
219446 0.000464473732
653628 0.000369276219
1104191 0.000369276219
31043 0.000310371856
63812 0.000618925256
334153 0.000570649158
645452 0.000073855244
31055 0.000143850748
22869 0.000418602860
63832 0.000280749530
22874 0.000557900767
22875 0.000507732127
22876 0.001427919867
63835 0.000309453021
1112417 0.000369276219
170338 0.000308823189
22883 0.000546832710
22886 0.000285258706
1112426 0.000197709841
31083 0.000384784664
72056 0.000276303576
31097 0.000127626027
31105 0.000133569457
1104258 0.000954822766
1120643 0.000503684162
1104261 0.000120869703
1128839 0.000172702442
104840 0.000478953978
1120650 0.000310555168
6539 0.000620759148
1128846 0.000104580716
801170 0.000573181701
1128853 0.000152054914
293271 0.000204826676
1128856 0.000824073255
563613 0.000248797615
1128868 0.000166929152
72101 0.000632008456
293285 0.000257904542
154023 0.000433498170
63915 0.000222812688
1104300 0.000344500342
1128881 0.000111138845
63931 0.000226641959
154047 0.000433498170
645571 0.000183342640
686532 0.000723630150
1120713 0.000181446259
47570 0.000108867750
358866 0.000351060226
14807 0.000343732534
55770 0.000178427624
1120731 0.000798054758
686559 0.000124141103
1128927 0.000111138845
358884 0.000331247386
694759 0.000131284341
211432 0.000288648558
1128935 0.001176853534
358887 0.000266608751
39403 0.000350463640
358894 0.001204709458
6639 0.000264556621
440815 0.000136859243
1128945 0.000097573637
1128946 0.000328590918
1128943 0.000448610607
1137140 0.000369276219
55801 0.000402430281
1104379 0.000720593970
1112574 0.000143328450
1128959 0.000168918873
1120777 0.000368556497
1128974 0.000195109945
1128975 0.000457023543
1128977 0.000438307912
1120786 0.000472829611
1128978 0.000448610607
129558 0.000126127966
154134 0.000368055309
1128982 0.000271847439
1128985 0.000212104618
23069 0.000263768728
23070 0.000596315315
1128990 0.000218434286
178718 0.000215513165
1128997 0.000292878792
178727 0.000239231558
1153577 0.000395914313
39474 0.000727783835
1104435 0.000369276219
1129015 0.000629105909
1129018 0.000141471357
1129021 0.000369276219
137790 0.000123880304
1104449 0.000241645466
47682 0.000650833822
1129027 0.000132041425
47684 0.000604115304
47683 0.000247411331
907845 0.000454085628
1112650 0.000127329180
23116 0.000427391462
96845 0.000839974966
195150 0.000340990341
96847 0.000927754899
1129040 0.000369276219
96851 0.000132379951
6741 0.000689188676
1112665 0.000194194209
1120858 0.000210991284
424540 0.000200005387
105057 0.000267089633
1120866 0.000112659939
31336 0.000349859432
80491 0.000073855244
948846 0.000112659939
6767 0.000554442063
1120880 0.000369276219
1112686 0.000332875475
1104495 0.000123867264
6771 0.000288346474
817774 0.000369276219
31349 0.000466339420
6775 0.000302710430
318071 0.000173168110
137849 0.000346512870
31353 0.001194289071
6782 0.000288242005
6784 0.000126907996
6786 0.000260727969
80515 0.000323592462
1129096 0.000171408387
137868 0.000564829228
137873 0.000218726003
1129106 0.000213182319
1112723 0.000463383892
1129111 0.000167482502
359067 0.000488712573
6814 0.000566920895
55968 0.000423628099
6818 0.000444551493
1153703 0.000233023926
1153724 0.000237527568
1112767 0.000250958577
1153728 0.000311550721
1120962 0.000153750766
416455 0.000467140467
1153736 0.000131250639
367312 0.000681105810
72406 0.000152366389
23258 0.000589752196
47839 0.000369276219
137956 0.000219758547
15076 0.000359819267
662250 0.000369276219
318187 0.000359059569
645870 0.000150751168
6898 0.000249888701
31479 0.000145131750
1129208 0.000345304448
1153784 0.000365476493
1153786 0.000172231826
31483 0.000207083806
6910 0.000737932838
6913 0.001171245262
31489 0.000381956174
523010 0.000286922465
6917 0.000489197667
1104647 0.000708400276
662279 0.000190784801
645897 0.000485484054
6923 0.000443375228
6925 0.000651575323
277263 0.000249665119
64271 0.000353617264
80656 0.000073855244
342802 0.000397570731
1153811 0.000878726791
6935 0.000577486329
1153816 0.000385611156
1129243 0.000205315731
6939 0.000439884830
6941 0.000527636160
195361 0.000220126177
1121057 0.000339989833
1121063 0.000302314761
252715 0.000167513141
170798 0.000118039396
56112 0.000268434243
56115 0.000307980807
252725 0.000287216667
375605 0.000166006917
56119 0.000386527022
1137466 0.000097573637
1153853 0.000327355050
64319 0.000073855244
1153860 0.000277032605
1153861 0.000348281443
219976 0.000209600345
1153866 0.000159029667
1112911 0.000265375938
1153877 0.000134679457
1153879 0.000134679457
1063773 0.000124141103
654177 0.000446236841
1112929 0.000245534945
1153891 0.000566996294
1153889 0.000134679457
56167 0.000643862888
129896 0.000230002103
129897 0.000406755757
162664 0.000265850940
1153897 0.000196696441
711527 0.000667141638
1071981 0.000106202795
7022 0.000113709806
1104749 0.000369276219
1153899 0.000406758655
1153900 0.000309807241
260979 0.000271925501
7032 0.000347488637
990075 0.000152654400
187260 0.000369276219
203646 0.000220883118
7041 0.000369276219
1104769 0.000135469201
1153922 0.000488091750
7047 0.000223755842
1153933 0.000341105632
662416 0.000337228696
1104787 0.000263848681
531348 0.000680429261
1153942 0.000155653337
1153943 0.000318599512
23448 0.000215242405
1153945 0.000748177707
1121176 0.000213182319
531351 0.000680429261
1129367 0.000238874508
1129368 0.000207610390
1129369 0.000207610390
1153946 0.000369276219
211875 0.000154993572
1104809 0.000632968207
711598 0.000108138305
261040 0.000321330839
121792 0.000369276219
211906 0.000141514469
48066 0.000227769132
1113035 0.000265312170
48075 0.000506851587
23502 0.000384677644
39890 0.000568625481
23507 0.000706718317
1104851 0.000755609817
187354 0.000647490644
1154012 0.000513562953
39904 0.000253778784
949217 0.000579359828
1129442 0.000350558587
1129443 0.000112659939
64484 0.000212180892
400356 0.000190117853
1121254 0.000199289039
285675 0.000669609291
179180 0.000288766517
621555 0.000369276219
695284 0.000561477212
654326 0.000454678222
285687 0.000252417808
1022969 0.000315302743
23546 0.000103836880
1154042 0.000152894905
23545 0.000688606263
1113084 0.000369276219
654339 0.000426210679
64519 0.000172093472
375825 0.000398818316
1154068 0.000360352126
1129494 0.000369276219
1154071 0.000890445196
31769 0.000653079667
1154074 0.000218971532
1154076 0.000469076717
613409 0.000201663368
1121313 0.000501651151
662572 0.001122100733
752684 0.000369276219
1129518 0.000399516363
1104946 0.000448834351
646195 0.000159322887
1154103 0.000426866718
15429 0.000552027506
949318 0.000112659939
15431 0.000165727425
400455 0.000369276219
1154123 0.000428031746
1154124 0.000428031746
293974 0.000430948606
400473 0.000104815099
1113182 0.000369726663
97377 0.000168702285
1129570 0.000286780457
416867 0.000133940157
1129572 0.000760768955
1129573 0.000154559655
72805 0.000369276219
1104999 0.000280749530
7272 0.000373271330
7276 0.000525547753
97390 0.000200769796
1105011 0.000167554875
1121398 0.000162385739
31863 0.000692749254
1154169 0.000152514501
1154173 0.000369276219
1154176 0.000165701116
7297 0.000478487660
7296 0.000253766677
523394 0.000278761707
212097 0.000287216667
1129608 0.000200962769
1105033 0.000207766742
1129610 0.000387556317
212107 0.000287216667
646286 0.000356123526
294030 0.000269186332
646289 0.000073855244
1129621 0.000532677369
1129629 0.000465506020
1105062 0.000112659939
1121459 0.000199287829
1154229 0.000123802758
1154230 0.000150132704
31927 0.000516394159
1154232 0.000322176628
1154233 0.000139854385
23738 0.000471780447
654519 0.000369276219
31932 0.000705916768
40124 0.000633215104
40125 0.000709260927
646334 0.000701719683
335042 0.000165016613
40131 0.000272075084
416964 0.000073855244
40135 0.000226739770
1154251 0.000267332710
72908 0.000221284219
195792 0.000469805434
1129683 0.000385675055
646357 0.000701719683
40151 0.000528912590
236759 0.000302699204
171225 0.000347762764
1105116 0.000272501711
89308 0.000252564874
23774 0.000347656037
1154276 0.000429487940
892139 0.000786571522
294126 0.000369276219
89335 0.000279658615
417017 0.000332767094
466170 0.000073855244
7419 0.000896867173
1105148 0.000316196776
1121537 0.000225318418
310530 0.000791859010
294145 0.000369276219
220420 0.000275444432
7430 0.000466176628
949511 0.000152514501
7432 0.000195767568
646412 0.000369276219
785678 0.000128223589
1031453 0.000132847879
1121569 0.000778579687
646440 0.000593656651
687401 0.000073855244
449841 0.001097821883
1129778 0.000424859269
408885 0.000369276219
15670 0.000435160697
523574 0.000123376348
711994 0.000369276219
1121603 0.000658177991
1105221 0.000299049490
1129798 0.000192638711
89416 0.000425227607
671052 0.000586497524
1105231 0.000370180853
32083 0.000375474250
1113438 0.000356600719
294239 0.000365428754
154982 0.000824091842
1138027 0.000463211920
7532 0.000408962274
97645 0.000097573637
1129835 0.000678328561
7537 0.000414900395
1113459 0.001093629679
1138043 0.000289340244
1121659 0.000158306719
310653 0.000394836496
884094 0.000457058879
105856 0.000375374894
56708 0.000127840196
56709 0.000445907661
105865 0.000155955974
753047 0.000825844059
1154459 0.000188450607
73119 0.000213620755
163235 0.000239695222
48550 0.000309490523
105899 0.000468663558
1138091 0.000134679457
48555 0.000233859576
753070 0.000213753803
384428 0.000369276219
1129907 0.000259281473
73146 0.000369714929
1113534 0.000121272436
1105344 0.000343095982
1154500 0.000097064077
1113541 0.000699197500
81350 0.000499686954
73162 0.000520063390
89547 0.000697551355
1121739 0.000241761414
1113551 0.000197585448
1105360 0.000238902340
703953 0.000167554875
302545 0.000369276219
310742 0.000191848404
1154520 0.000127074590
1154524 0.000350773979
1154525 0.000232142033
24043 0.000296885975
1105394 0.000272804008
179702 0.000405429519
179706 0.000073855244
32260 0.000444134758
1129994 0.000616995041
114189 0.000256784576
1113614 0.000291854687
15889 0.000538475439
1105428 0.000356196860
15892 0.000456164481
32276 0.000326694088
155158 0.000073855244
1105433 0.000221277542
65057 0.000377058457
671269 0.000580343824
245288 0.000177438857
1105450 0.000785813402
65074 0.000618553938
671293 0.000248370754
1121867 0.000641556786
1130069 0.000369276219
360028 0.000134967231
1130080 0.000369276219
1105505 0.000557216246
97892 0.000183964779
73323 0.000169965809
73327 0.000615217625
15984 0.000331487579
753265 0.000230567764
753264 0.000240968759
15987 0.000182624080
1105530 0.000309726904
1105531 0.000239752399
48764 0.000348902516
48766 0.000359766526
228990 0.000369276219
48768 0.000187199324
228992 0.000369276219
114308 0.000098482402
40583 0.000396271298
16008 0.000440879262
1113739 0.000220514268
155277 0.000369276219
48781 0.000345880208
1113742 0.000570795482
646809 0.000374532730
40605 0.000424332999
1105574 0.000255138398
409255 0.000213753368
646836 0.000146692488
646837 0.000166577268
7867 0.000318224207
65212 0.000215573854
1105603 0.000385480106
458439 0.000369276219
1105622 0.000369276219
1113828 0.000430922193
1113831 0.000311680092
646900 0.000357808125
1113852 0.000187593970
646913 0.000535300184
1130243 0.000369276219
270085 0.000189527689
1105672 0.000298571138
57119 0.000627948632
1105698 0.000101383259
286500 0.000220763739
950052 0.000143385411
212777 0.000226398378
368431 0.000340450503
286513 0.000134386549
81714 0.000313943055
1105718 0.000276967421
81722 0.000348728096
237376 0.000120358672
253762 0.000073855244
1113926 0.000268254563
1113934 0.000502555952
286562 0.000124141103
1105764 0.000490694561
1130356 0.000216539123
335733 0.000165958314
278394 0.000073855244
376704 0.000369276219
278403 0.000073855244
1113995 0.000142697873
8079 0.000539294985
1105810 0.000240276398
24476 0.000418270379
188318 0.000351280982
32688 0.000200758770
237489 0.000232069712
171954 0.000648356037
737204 0.000197320159
40886 0.000365976508
32698 0.001151186859
1138619 0.000369276219
212930 0.000411425249
237521 0.000112659939
24530 0.000162836879
1105877 0.000626164023
1130454 0.000249444863
40922 0.000125305361
180187 0.000189852036
262108 0.000153320752
368605 0.000277109150
1105887 0.000218474228
131042 0.000198833746
262121 0.000153320752
73712 0.000175774764
917493 0.000163258087
