1122304 0.000000000000
1155073 0.001403200536
851968 0.000307024765
1114118 0.000627155078
1105932 0.004530897480
1114125 0.000117869340
368657 0.000000000000
253971 0.000003401527
8213 0.001361568862
696342 0.000001152882
696343 0.000000000000
696345 0.000261079688
696346 0.001277635915
8224 0.012985976883
950305 0.002869022880
630817 0.000000000000
35 0.198674536196
262178 0.000699853596
40 0.001269983025
1114153 0.000476335624
1130539 0.009557407373
385067 0.000359041353
131117 0.002658287082
131122 0.000000000000
16437 0.001938324714
188471 0.000000000000
16451 0.002861692249
1138755 0.000000000000
1130567 0.001694612296
1114184 0.000000000000
1130568 0.000000000000
16461 0.000420014859
180301 0.000000000000
1114192 0.000482475582
16470 0.000282389588
16471 0.003995582959
155736 0.000306615216
16474 0.000454152542
155738 0.000320471603
16476 0.001613748310
1130586 0.000000000000
106590 0.001544963733
573535 0.000000000000
589923 0.001225441953
16485 0.016596886652
32872 0.000750811828
1130600 0.008901931359
630890 0.000641079722
1114222 0.000693194007
573553 0.003331481672
114 0.015850775077
65650 0.004447034026
117 0.003417396435
65653 0.002200637244
221302 0.000188315134
270456 0.000000000000
1122425 0.003052646047
409725 0.000003139871
1114239 0.000643803352
128 0.000322221388
130 0.005319913509
1106052 0.001526052260
1130634 0.001710697129
1130637 0.000000000000
647315 0.000000000000
180373 0.000200160500
1122460 0.000627155078
1130653 0.000000000000
1130657 0.000000000000
164 0.003881275951
82087 0.003345657514
82090 0.002031295043
180399 0.000337703245
82098 0.000073103136
1130676 0.000799592097
1130678 0.001267688736
1106103 0.001247757261
1130680 0.000021380282
1106112 0.002272948915
245955 0.000000000000
590022 0.002907919423
1114331 0.002014769014
1114336 0.000320403345
385251 0.000275320624
631015 0.000641792577
688361 0.000760732654
647408 0.001980085384
1114352 0.012611547705
131315 0.000804299640
73972 0.000000000000
33013 0.003724597107
647413 0.000299719869
131318 0.001596376302
131317 0.000000000000
1106172 0.009034828459
1114364 0.000000000000
213246 0.000000000000
41216 0.000640533658
229635 0.005492124052
270600 0.000627155078
631052 0.008646629986
1122574 0.000000000000
606479 0.000000546064
1114388 0.002437178798
1122580 0.000482854228
114966 0.000000000000
647447 0.000106108787
1138968 0.001144639433
1138970 0.000000000000
139547 0.000263584749
1130780 0.000319800678
1114398 0.000160133414
213279 0.000386892611
288 0.000126459276
1130808 0.000617343779
1106236 0.000653065432
672064 0.000714802787
1139009 0.000000000000
672070 0.000259258027
672071 0.000958799764
1114442 0.002907924211
49482 0.004230564977
1122642 0.001906447684
1130847 0.000438487654
90470 0.000093458206
1130856 0.000118084309
1106287 0.003662622254
1106298 0.000777383994
8581 0.002325054390
1114502 0.003901209479
98693 0.000032906341
205192 0.001802883702
24966 0.025474131218
98698 0.000000000000
205196 0.004748945399
24974 0.001099872185
8591 0.000007917935
1114512 0.001819387465
1122704 0.000627155078
8594 0.000034197289
1106330 0.000482205993
1114526 0.003736955524
147870 0.000946731175
1130915 0.003949945904
57764 0.000413151440
424 0.004429983218
8617 0.000268828531
8619 0.000000000000
57773 0.000000091011
1130927 0.002179086347
1130929 0.000000000000
434 0.000611467277
1130931 0.002179086347
16819 0.011422433704
1130934 0.000000000000
606647 0.000004923615
467383 0.000641635572
197054 0.002024156470
1106370 0.010146674469
459206 0.000000000000
41417 0.000742739472
16843 0.000922575972
459213 0.000006707290
459214 0.000659216343
463 0.000000000000
459216 0.002990009959
33231 0.002372781707
1106388 0.003641930853
377303 0.000379187995
139738 0.000000000000
1106401 0.000529507590
1106406 0.001191903486
1114605 0.000320403345
8687 0.000589049979
1106418 0.003420884514
115188 0.000000000000
504 0.000483267082
8696 0.000110730852
506 0.000163318791
582139 0.000749434814
49660 0.000161751673
8699 0.000958431339
1139195 0.000000000000
8703 0.015475041410
1114629 0.000030067465
573964 0.000103532049
238099 0.000124826264
33301 0.000073587557
33303 0.003612474839
573978 0.001443197413
90655 0.000000000000
385572 0.000064788816
1114664 0.000308047959
33325 0.001282025270
49720 0.000000000000
574009 0.000000000000
1106492 0.002029872080
8766 0.000000000000
57922 0.000000000000
787016 0.000932099534
746058 0.000000000000
1000012 0.003715791117
57932 0.000000000000
139865 0.000757332233
49753 0.000000000000
57948 0.001225971965
25181 0.000021452853
25184 0.001201833345
1131116 0.002196268206
1106546 0.000323088162
1106547 0.000438659454
8821 0.002182811552
8832 0.000024569237
1131137 0.001640949236
33412 0.003057931250
1106568 0.002875137308
1131149 0.001810947169
1131150 0.000510214221
49811 0.001722933147
1114777 0.003213605236
1131163 0.000000000000
1131164 0.000000000000
1131165 0.000000000000
1131167 0.000006131022
8865 0.001582979248
123556 0.000180001853
1131172 0.000000000000
8872 0.003187635869
107177 0.000000000000
8874 0.000516135702
8875 0.002851143453
1131180 0.000000000000
656048 0.000307024765
1131184 0.000000136516
328370 0.008948809486
49843 0.000196722612
49844 0.000668248052
1131189 0.000000000000
49847 0.000000000000
1131192 0.000000000000
688824 0.000000000000
1131195 0.000000000000
74427 0.002619618848
1131198 0.000000955613
41666 0.000307024765
1106630 0.002579376409
582343 0.000614322562
148170 0.000244042321
950986 0.000160406447
582349 0.000000000000
99023 0.000002275269
975567 0.000904272052
99025 0.000815379968
688849 0.000000000000
99030 0.000000000000
1131223 0.000320403345
1114838 0.000000000000
1131230 0.000000000000
1131236 0.004914471927
140005 0.000000000000
49895 0.000000000000
82664 0.000072821899
82666 0.000233881652
1106671 0.001009967152
1114864 0.004569965990
41714 0.003439647042
107251 0.000022469781
107252 0.001946814730
1131257 0.000624538519
1131258 0.002533389714
1123068 0.002105163110
8961 0.000627155078
1131266 0.000000000000
1131267 0.005335167708
41732 0.000000000000
1131270 0.001756494437
90888 0.008127531103
1131274 0.001240385511
1131277 0.016498733556
1123087 0.008581013578
1123093 0.000000000000
1131300 0.004405375350
1131301 0.000702246732
1131305 0.000064264481
1131312 0.000380634768
17201 0.001841793276
1131314 0.000160408515
574264 0.000667682411
17208 0.007356695656
238401 0.000000000000
1131330 0.000000000000
25413 0.000025118967
1131334 0.000068072472
1131335 0.000000657508
197452 0.001654218663
1106764 0.000320403345
1131345 0.000000000000
1106771 0.000318484207
1131348 0.000000000000
17242 0.000000136516
246618 0.001632689053
1131359 0.000044173293
1131360 0.002500431350
1106789 0.000374784031
656231 0.000989135870
1131374 0.000160224330
582511 0.000000000000
1114992 0.001312662480
1123188 0.003696008679
148341 0.000627155078
887 0.053547241374
906 0.002523860660
910 0.043185576523
1123215 0.000000273032
1131414 0.000000000000
230300 0.000057658223
58268 0.000005870193
91038 0.000000000000
263069 0.000000000000
1131421 0.000000000000
1106849 0.000000000000
1131420 0.000000068258
754594 0.000000000000
1106854 0.000000000000
1123239 0.000000000000
936 0.005831579816
648106 0.000000204774
940 0.000000000000
941 0.001308492483
943 0.001060967740
148399 0.002008840564
123825 0.002330277972
648112 0.000000750839
648121 0.000000068258
1131464 0.000958009166
74698 0.000003003355
254923 0.003703116574
74700 0.000000204774
1131466 0.000385119736
1131471 0.001766457730
17363 0.000000000000
82920 0.005135945474
943087 0.000000000000
66556 0.000522214074
74749 0.000006839756
574462 0.000144585510
689152 0.000000436852
1026 0.002778442468
66563 0.001753367525
66564 0.000001683806
1033 0.000730901373
1034 0.000396373384
1035 0.000264752299
164885 0.000000000000
1106966 0.000415307711
33818 0.003789709635
1131549 0.000503522167
1115166 0.000000000000
33823 0.000627223336
1131550 0.000320403345
66594 0.000254522536
66596 0.000320676377
1131557 0.000748739710
648232 0.000185602333
287787 0.000322919238
1131565 0.001117831729
107569 0.000627155078
1107010 0.003335293307
17476 0.012150746382
17477 0.000324198585
58436 0.000657181932
74821 0.000747500600
17488 0.000000000000
58453 0.000000000000
58454 0.000320676377
1131607 0.000396287060
312409 0.000000000000
1131611 0.008618143109
1107041 0.000627155078
762980 0.000000266206
25702 0.008155111863
33895 0.001339856759
263279 0.001122188550
33904 0.001670130067
1131634 0.001147136697
33907 0.001176300721
1107062 0.000529607669
1131639 0.000627155078
156794 0.000000000000
1107067 0.003597623037
853116 0.000315647111
853114 0.000000000000
189566 0.001886836336
1131647 0.001934114996
853115 0.000000000000
763009 0.001187608960
763010 0.000791153035
189571 0.009783800798
189572 0.000688314541
853118 0.000320812893
189574 0.002950526677
189577 0.026111533150
1107095 0.000908902771
197783 0.001126000234
1115291 0.001996632456
853150 0.000000000000
124064 0.000198594373
50336 0.000870662728
50337 0.001340741572
853155 0.000009987508
1123493 0.000000000000
591016 0.000547719912
591017 0.000079282926
74920 0.000000000000
74921 0.000000000000
58540 0.000576551848
25772 0.005970651070
42156 0.001255516048
648369 0.000000000000
50354 0.000000341290
189620 0.000886169859
189623 0.000000000000
58552 0.000614049530
74937 0.000000000000
1213 0.000010648258
25791 0.000000000000
1107136 0.000000000000
66751 0.004382031092
25794 0.000004277505
1107140 0.000657622875
1131719 0.000016996258
1123530 0.003047787073
50381 0.000448777314
25805 0.002814690180
1131728 0.001183479284
1237 0.001417607092
1131734 0.000000000000
189655 0.000041776154
566488 0.000000000000
1139928 0.001155476307
1131741 0.000000000000
1246 0.000623781813
42207 0.000374276033
66782 0.002578604671
1131745 0.000103398196
1123553 0.000091604305
1107171 0.002320499761
1131748 0.001934114996
42209 0.000000000000
74975 0.001349070640
1131752 0.000320403345
66794 0.002529287155
1131754 0.000000000000
42221 0.001049134753
1115375 0.000630166485
66805 0.002157401556
574710 0.000203903789
1272 0.045371657867
1123576 0.005111034515
66809 0.000000000000
345340 0.009237359204
255233 0.000000000000
353541 0.008393514708
189708 0.000000000000
1107215 0.001448283022
140569 0.000298068404
189721 0.000290692974
689439 0.000001638193
34082 0.000000186572
9513 0.000222496660
9515 0.000169527244
763181 0.000544002343
156977 0.000851872794
509233 0.000000000000
1131828 0.000000000000
116021 0.000159594325
263482 0.000216201051
263486 0.000954966904
124224 0.000000068258
1115456 0.001989760307
1140040 0.000710940704
263498 0.000204764392
189774 0.001038882799
1115471 0.000398060407
1365 0.075714758792
9559 0.000000273032
1385 0.001516298956
1123689 0.003042786858
288107 0.000000000000
9581 0.000000091011
1107312 0.000742917315
116081 0.000047711607
9586 0.001360321399
75121 0.001973487592
116084 0.000878962652
1107319 0.000141883233
116087 0.000986634683
411005 0.003780535120
566653 0.000000000000
1107325 0.000000000000
263553 0.000000136516
509315 0.000627155078
17798 0.003499703473
58758 0.001254401166
566664 0.000000000000
124296 0.000602068330
755082 0.000006249754
17811 0.000320676377
1107355 0.001516298956
976284 0.006270521540
17821 0.000000000000
189856 0.001019625184
66982 0.000138631849
1107367 0.000720819731
66986 0.000004420890
1123756 0.006289598551
66990 0.004295930334
206259 0.000661531791
820661 0.000000000000
820662 0.000061903688
1107385 0.000000000000
91581 0.001442803380
509379 0.002059802689
214472 0.001254037123
1481 0.042346523809
976334 0.004766385933
34257 0.007551863395
411092 0.002840969879
34263 0.000000546064
1107418 0.000239923124
34266 0.000578699601
230879 0.002638110787
714208 0.000000750839
230884 0.000261503867
9708 0.010507778867
321004 0.000000000000
9716 0.000655457073
83449 0.001002568034
1107455 0.000788346906
83461 0.000527751492
1140230 0.000000803465
1140231 0.000000000000
34315 0.000554356557
108047 0.005446243609
714256 0.007145334107
755217 0.012725343990
714260 0.000027052668
181782 0.004156875791
1115670 0.000325672868
1123867 0.000548202640
1115677 0.000180242388
206371 0.000000000000
1132073 0.000000000000
714289 0.001730720752
34355 0.000224918510
1132083 0.000155341698
1115701 0.002025925137
75318 0.000647086432
1140289 0.000937707431
427606 0.003474803994
1123926 0.001579102461
575077 0.001216349790
1107558 0.000000000000
640617 0.000002631984
1107567 0.002677694640
1107572 0.002457578589
50807 0.000000000000
1132157 0.000278381663
738941 0.000321358958
255628 0.000345304140
1115790 0.001928196104
149139 0.000000000000
50838 0.000310756206
1123991 0.000000000000
1688 0.001648796434
583318 0.000331750898
1694 0.000000000000
59045 0.000118666692
67245 0.000000000000
67246 0.000000000000
1717 0.003747664420
779960 0.000000000000
206524 0.000000000000
370366 0.000194153634
132806 0.000646669756
91852 0.000152526791
91853 0.001935111681
354004 0.000307024765
132821 0.000000000000
157401 0.000307024765
1107674 0.000050859562
67292 0.000000000000
567005 0.000307161281
567018 0.000000000000
1115886 0.000000000000
1786 0.001422304191
1132285 0.000000000000
83725 0.001093784311
1107728 0.000000000000
1817 0.000947624523
231198 0.003092100216
444191 0.019516755526
116512 0.000000000000
83746 0.000000443677
50980 0.000000000000
173863 0.000000000000
198443 0.000403408886
116528 0.000892988522
1115959 0.000892952529
575292 0.000939007953
173884 0.001140182696
124734 0.000507516909
1140543 0.003982804080
116545 0.000029688544
395075 0.000362699059
1140547 0.000753497623
1140548 0.000000000000
91975 0.001826304070
116552 0.000378520472
116553 0.000976899623
18251 0.000000000000
182093 0.000000000000
182094 0.001562705739
444240 0.003701234543
231249 0.000262315574
67415 0.006704932573
911198 0.001985068347
42847 0.000134186340
42848 0.000627155078
1132385 0.000036676524
1107808 0.000000000000
575331 0.000605356320
100197 0.002048773557
51045 0.000000000000
337766 0.000000000000
141160 0.001714527216
51049 0.003002916449
59244 0.000320403345
51052 0.000000000000
83826 0.000324576286
141171 0.003539453570
1132406 0.000000000000
1919 0.000685719920
1132416 0.000000000000
1132418 0.007500611238
83847 0.002470568872
18313 0.000000000000
1116044 0.000307434313
616336 0.000000000000
1132434 0.000649067536
34708 0.001709621835
1107861 0.002070234786
75674 0.000343957310
1132443 0.000391402283
124828 0.000900604463
1949 0.001507644727
1951 0.000000000000
1952 0.001939647765
1953 0.000331881148
92065 0.000848413160
1955 0.002410742832
1956 0.011666344673
1959 0.005496329419
575402 0.001243955469
1132459 0.000401396807
75691 0.000500076144
1132461 0.002973786866
75693 0.000000000000
75695 0.000194206425
75694 0.000000000000
10169 0.011560378328
10174 0.000000000000
608191 0.000004080177
608190 0.000004080177
10177 0.005201723860
1132486 0.001024689783
10183 0.005558543999
10186 0.000795569526
1997 0.010391441046
1999 0.000960585861
739280 0.000000000000
272345 0.000642802648
1132505 0.000325134084
632796 0.000102045803
51180 0.001273404713
1116146 0.000000000000
714748 0.014578049901
198653 0.018949981045
67584 0.001920167554
141324 0.000354489359
1116181 0.000000000000
124952 0.002644147357
141342 0.001462520124
141347 0.000000000000
608292 0.000256036492
632874 0.000000045505
67633 0.000351284229
84020 0.000853406452
84021 0.003524421546
116790 0.001689007570
1050679 0.035147219351
157761 0.000674234691
608326 0.008765638263
1108050 0.004336027391
18532 0.000000000000
632935 0.000000000000
18536 0.000321358958
256106 0.000000000000
1116268 0.006099733451
157805 0.000117448104
714879 0.001285716282
346243 0.000030320449
34961 0.001144470238
18582 0.004283955699
264347 0.002969233374
43165 0.000000000000
1132706 0.000925707863
34979 0.001050327370
149669 0.001155943445
1116328 0.000000000000
1116336 0.000018276354
43186 0.000530393164
346292 0.000227543841
18615 0.003738082621
239800 0.000058498183
1116347 0.012025137388
18619 0.001785367232
1132731 0.000126996612
10430 0.000420206894
75969 0.002601208744
239810 0.000000000000
10435 0.001839522126
75972 0.000466693704
633030 0.000000000000
1108167 0.008713823090
633031 0.000000000000
1108169 0.001438492981
1108175 0.000708004128
75983 0.002279927537
198866 0.000000000000
239829 0.000000000000
714975 0.005228759903
26850 0.000000000000
190697 0.004350134440
59626 0.000429173663
190698 0.001041014564
1116397 0.002396645057
1108209 0.000640533658
190706 0.000766534166
35061 0.007528589804
633081 0.000000364043
1116410 0.001069563885
35070 0.000304533604
1132809 0.000022388644
1132815 0.000432171000
395540 0.000000000000
395547 0.001274600903
141596 0.000000000000
395553 0.000421195578
1108258 0.000000136516
10531 0.002772631417
1108267 0.007202796812
280876 0.000024568898
2354 0.004844799934
575795 0.000205928110
248119 0.000401854982
1132857 0.000000136516
289085 0.000212458271
289088 0.000000477806
1132864 0.000000000000
59715 0.000072939230
321861 0.000307024765
919885 0.000000000000
272720 0.000008048872
18770 0.000000000000
174418 0.000088392779
18773 0.000382148015
18774 0.000000000000
1132887 0.000000000000
18777 0.011888314271
174425 0.000000000000
18781 0.001117971965
100701 0.000000000000
756061 0.000310294326
18785 0.000000000000
1108329 0.008082405018
264556 0.000000000000
1116530 0.000000000000
1132922 0.000000000000
18811 0.000769613105
18812 0.000627155078
59772 0.000000000000
739707 0.002243779028
18815 0.001690851558
2440 0.020778620697
1108363 0.000000068258
18832 0.000524162346
18833 0.000052847584
158098 0.000792830519
18834 0.000639959242
1132948 0.000617343779
59798 0.000019042390
379288 0.000000000000
1116569 0.000735717094
854434 0.000000000000
108962 0.000581707724
330148 0.000025392416
1108389 0.000994331103
108963 0.000015996856
1132968 0.013820753451
92589 0.000586624143
133550 0.003341079064
362926 0.000000000000
108974 0.000800205738
133553 0.000020910424
1116594 0.001864901031
108983 0.000091333754
133563 0.007555636288
133566 0.000626214019
133567 0.000000000000
1133004 0.000409278063
395725 0.007361415338
1133008 0.000000000000
1133010 0.000627155078
1116629 0.000830754718
158172 0.000242809494
330208 0.000000125140
1133028 0.000000000000
1124837 0.000000000000
739816 0.001027856322
84459 0.002505343924
1124844 0.000983093641
133615 0.000000273032
1133047 0.000000000000
133628 0.000000000000
469504 0.000333830142
649730 0.000000000000
649731 0.000457114694
35335 0.000962575196
649739 0.000000000000
682508 0.000000000000
35343 0.001935160981
68115 0.000000000000
166420 0.000000000000
207395 0.001793523957
27174 0.000111765640
10793 0.000000000000
10796 0.023153926895
141868 0.000088555726
10798 0.011691847621
436796 0.001092470495
27199 0.000753165852
428610 0.001122121370
27203 0.002183033476
117316 0.000066725370
117315 0.000320651891
1108551 0.004737188463
100935 0.000592981122
248395 0.000000000000
117328 0.000320676377
1108570 0.000000000000
2653 0.010815030688
27230 0.000307161281
2654 0.011023841198
100961 0.000000068258
2658 0.001462855083
19045 0.000695080528
2663 0.000307024765
248425 0.001185144988
2665 0.019490268594
27241 0.000455274084
27243 0.000024183741
27246 0.000000000000
248431 0.000000000000
27249 0.000809526467
27250 0.002333559779
1108597 0.000000000000
43639 0.000053037775
51831 0.000000000000
51834 0.003510221113
68224 0.000295110683
2695 0.000419923456
2696 0.006246109989
2698 0.000002229763
1133196 0.002928825797
2702 0.000250730031
51866 0.000908538526
35490 0.006726842302
1116835 0.000000000000
1116839 0.000000000000
51879 0.000191911949
1116842 0.000301324012
682666 0.001403848941
1108656 0.000627155078
43698 0.000000136516
559804 0.000407022826
240321 0.002774216704
51909 0.000290552904
387795 0.000000000000
84695 0.000000000000
649944 0.000000136516
1125082 0.000000000000
51934 0.000000000000
1125092 0.002242648358
10981 0.000682125668
568045 0.000384936122
191216 0.000000000000
633585 0.000725369925
191222 0.000627155078
1108728 0.002066217870
1116922 0.000307297797
510715 0.000000000000
510718 0.004089257925
60159 0.000000273032
273152 0.000002433762
576257 0.007322410757
60169 0.000000273032
60170 0.000000136516
109323 0.000000000000
101143 0.001976900852
101145 0.003134411647
1133338 0.000144197063
19231 0.002953324660
52000 0.000000204774
52003 0.000001638193
52007 0.000000000000
502574 0.000080250127
1116974 0.000318484207
682815 0.003211609567
1133390 0.000000000000
11093 0.000256542336
1108834 0.016004195038
215912 0.000000273032
1133417 0.000255606917
1108841 0.000000000000
576362 0.000056439978
68463 0.002289630544
1133428 0.000320403345
27510 0.004171732836
633721 0.003331835019
27514 0.000000961818
1117049 0.000000000000
27530 0.000886356104
27531 0.001598386906
11148 0.000022889204
101261 0.000000000000
1125258 0.000000000000
27535 0.003123407506
68495 0.002642758064
101263 0.003282360252
199571 0.000000000000
158614 0.000000000000
27543 0.001086736199
68505 0.000455442897
1133469 0.000000000000
1117089 0.000000000000
617378 0.000000000000
641956 0.000503465480
166825 0.000000273032
191404 0.000000000000
134060 0.000307297797
641976 0.001692986148
592826 0.000058110598
142268 0.000001638193
592830 0.000340045284
35778 0.002208301075
35797 0.018973105718
27606 0.000014943624
27612 0.000355738533
27623 0.002370731514
27627 0.002570361158
27631 0.002134000460
134128 0.000967236332
44017 0.001342317519
27632 0.000000000000
265203 0.000108392232
289779 0.000000000000
289780 0.000313714055
289781 0.000313441023
248823 0.000604322845
1117184 0.006311236209
1125386 0.014634367540
3084 0.004090914590
3085 0.001123823613
35854 0.000627155078
35852 0.000672297349
1125393 0.002286526756
3095 0.000439838672
35863 0.001197487992
1109017 0.000000000000
3097 0.001090802766
1125402 0.000000000000
3101 0.002607117479
1117219 0.000000000000
3112 0.006413755103
134199 0.000594785724
11325 0.001250922175
11326 0.000000000000
35905 0.001993849485
1117249 0.000000000000
11335 0.001696930385
11337 0.000000000000
11339 0.002140241726
134219 0.000368454361
592973 0.000118841262
11342 0.005532918705
592975 0.000002690132
166989 0.000000136516
35922 0.013344608157
44121 0.000000000000
592986 0.000000000000
1125467 0.000357603036
314459 0.000000250280
1125469 0.003120667717
289885 0.000443385176
93273 0.000286061507
158812 0.000000000000
592993 0.001189073826
592996 0.000000068258
617575 0.000000000000
928873 0.000788648524
1059953 0.000053431175
3187 0.002366257833
1125492 0.000009698572
3191 0.028153598461
3192 0.001060067856
396412 0.006513374546
593022 0.000112931534
93318 0.000000000000
93320 0.003182092273
60560 0.000000000000
3217 0.000480231485
3218 0.008716040317
3220 0.008549240000
3222 0.003540964668
3223 0.002274706881
240791 0.004786667371
519318 0.000307024765
175256 0.002726001256
289945 0.000000000000
232605 0.000001911226
3229 0.127399155326
3231 0.052062670753
3232 0.001689377875
3233 0.009403550155
232606 0.000021637806
3235 0.000009879531
3236 0.000400532099
3237 0.000681504418
1117348 0.001424605763
19621 0.018084987004
3240 0.002470758141
134307 0.001703061411
593060 0.000614332347
3243 0.009783165180
134316 0.003300982652
593068 0.000000000000
134314 0.000106573588
134315 0.000000000000
134320 0.000000000000
126128 0.000000000000
576691 0.000102141519
519353 0.000633044080
175291 0.000992008328
1109185 0.000000000000
593091 0.000307024765
1109199 0.014749678393
593104 0.001608118949
593105 0.002750320154
576725 0.000001556284
1109208 0.000000000000
1125597 0.000000000000
19697 0.000116996367
27895 0.004295827785
593155 0.000019702419
60682 0.000148416673
1133846 0.000000000000
576795 0.000307161281
101660 0.000007957752
101662 0.000162213094
683294 0.000000000000
52515 0.002666509402
1117476 0.001052857327
167205 0.000000000000
36131 0.000000000000
36140 0.004816495935
36145 0.001601166465
593201 0.000000000000
85299 0.001438294572
77108 0.000627155078
77112 0.000000000000
593209 0.000000000000
593210 0.004588660552
1117501 0.000425533131
118079 0.000699640560
36162 0.001113389919
36167 0.000433435838
85324 0.000344123772
44368 0.000002101373
593240 0.001243985441
683355 0.000169483453
683360 0.000000546064
593248 0.000000000000
85352 0.002454661461
1133930 0.000000000000
593260 0.000645780034
159084 0.000000000000
159085 0.000000000000
93555 0.001920069154
601462 0.001254037123
28026 0.000000000000
683404 0.000002628593
1109392 0.002095971906
232860 0.000000000000
44455 0.000048481501
593328 0.000000000000
593329 0.000003420607
1117618 0.000561703076
101811 0.000837375406
380341 0.000000000000
486840 0.000327555749
175548 0.000263431263
1109439 0.002895556739
1134022 0.000013216162
85449 0.000532590378
85452 0.001010303646
576973 0.000000000000
1134031 0.000000000000
1117653 0.001181209363
175576 0.000627155078
601561 0.000761213453
208345 0.001090111909
110041 0.000002861538
601567 0.001757234721
44514 0.000000000000
1134056 0.000000000000
241133 0.000000000000
470511 0.000013097236
445938 0.000784945456
118259 0.000035498466
118260 0.000035498466
1125895 0.001505072038
1125906 0.000000000000
552469 0.000548202640
1125909 0.000650586402
568857 0.000391874762
273949 0.001026534774
642593 0.000000000000
1109542 0.000000000000
28202 0.001029925675
52784 0.001282860284
650807 0.000660710973
323128 0.002804613043
1125944 0.000000000000
93755 0.000000000000
642621 0.002860422365
577086 0.000000000000
1109566 0.000000000000
1117760 0.000492157780
650814 0.000000000000
1125953 0.000000000000
28227 0.000215511756
28230 0.003014612824
249421 0.002101611672
1109581 0.002563217847
69198 0.002161731527
642641 0.000000000000
110162 0.000502006582
110163 0.001112520365
110164 0.005491186080
650834 0.000496712014
28249 0.000085090962
1117786 0.001769459027
28254 0.002372491370
52835 0.000073120275
1125992 0.001960606451
28265 0.000627564626
421481 0.000000000000
28267 0.000000000000
1125993 0.000000000000
52847 0.000812242714
1134197 0.000000000000
28278 0.000267556742
642681 0.002741092827
1126011 0.000000000000
1126012 0.000647289152
77438 0.006115256331
28287 0.002593296691
28290 0.001048523888
593544 0.000006111125
1117833 0.000000000000
1126029 0.003212639437
61069 0.003021732300
61073 0.000000000000
233106 0.000320676377
1126037 0.001266794034
593559 0.000000000000
118424 0.000000000000
593560 0.000000000000
1126044 0.008658787962
1126050 0.000320949410
118435 0.000000000000
69284 0.000009460715
118436 0.004448177536
102061 0.000000000000
69296 0.000000409548
28336 0.000640782204
85688 0.003269617194
28350 0.001258608313
28359 0.000000000000
577227 0.000000000000
77515 0.000183907495
20178 0.000456799290
20179 0.000000000000
20180 0.000026231944
429781 0.001915093859
1117920 0.003776900616
20193 0.017086327712
28385 0.001269103238
28387 0.000028588450
93923 0.000206873600
28389 0.000000000000
167656 0.003553595402
429805 0.000729564338
642798 0.000686606826
1134320 0.002533051334
3828 0.002849062043
814836 0.000000000000
1117942 0.000840141119
167670 0.000858588288
28412 0.000636358978
1134346 0.000000273032
642827 0.012414170110
36620 0.001347342962
1134348 0.000708723702
69392 0.000179497625
69397 0.000852288123
118558 0.000000000000
118559 0.000627155078
200480 0.012550174347
28447 0.003825309553
642847 0.001902484162
175909 0.000181155320
28456 0.007542918743
560936 0.001232862913
69418 0.000307974081
216877 0.000000000000
216878 0.000092695501
577331 0.000324080179
28471 0.000004047654
28473 0.000030815465
446271 0.001055414181
675649 0.000485782365
1118017 0.000000000000
28485 0.000375073305
1109830 0.000000000000
307015 0.000621869962
28487 0.000369770497
126793 0.001234103494
28489 0.000000000000
28491 0.000691382790
642894 0.004460751847
28504 0.001660211000
3932 0.001170545308
184157 0.000000000000
626530 0.000000750839
626531 0.000000068258
642920 0.000000000000
1109873 0.000627155078
642930 0.000000000000
12155 0.000117312959
12158 0.000376389743
28542 0.000004900631
61312 0.000000000000
315266 0.001075058868
1118083 0.000028389655
1109891 0.003698627500
12165 0.001534301704
151430 0.000150555619
12169 0.000354234015
1118092 0.000318103353
626574 0.000000136516
126867 0.000000000000
126868 0.000000000000
593813 0.000771540287
12182 0.017626582246
118682 0.000148041239
12194 0.000000000000
12195 0.003389990887
12197 0.002139670860
12198 0.001364045715
12199 0.000271935705
1118120 0.000000000000
1126315 0.000000000000
675756 0.000000000000
12210 0.001210256219
12211 0.000096429577
200630 0.000614049530
643003 0.000307024765
126909 0.000000000000
77758 0.005738024396
126912 0.006562890616
36802 0.003795871297
593859 0.000375695386
1109957 0.000831482387
126920 0.000000000000
954315 0.000702480552
1126350 0.000349720695
12238 0.000508931626
126927 0.007263970843
126926 0.000000000000
12247 0.002446030419
28632 0.000034078921
135130 0.000160939150
143323 0.000999804776
28640 0.000032746504
28641 0.002114488036
815073 0.000000000000
28649 0.000000000000
61417 0.001399872195
733167 0.000164294219
1110000 0.001543103933
12275 0.000000000000
815096 0.000776944238
45052 0.000627155078
643069 0.000308253410
1118209 0.000956849726
77826 0.004646558427
28674 0.000000000000
249858 0.000123768325
77829 0.000000000000
102406 0.001325045190
675847 0.000145693903
45061 0.000000000000
1110024 0.000313167990
593921 0.002230961669
1110028 0.000153307608
94229 0.002118072794
634902 0.000000000000
593942 0.001867353713
634904 0.000000000000
217115 0.000029728227
1118245 0.002344140353
12330 0.003655319970
20526 0.000772558041
20528 0.003487229358
12337 0.001519495511
217139 0.000313133781
987188 0.000921479687
20534 0.001950241106
127033 0.001935835704
634938 0.000000000000
12347 0.000692596489
987197 0.000000000000
12350 0.010731650102
503871 0.000174618959
503877 0.000658765593
12359 0.000638175654
503883 0.002035097229
282700 0.000000000000
1118286 0.000000000000
503893 0.000509257331
561238 0.000144585510
118873 0.000627291594
594011 0.000000000000
1118302 0.000349787594
634975 0.000758890999
1126503 0.000936819154
20584 0.001961767590
594025 0.000000000000
340075 0.003815839880
340078 0.001678617089
20592 0.000237697825
20593 0.002240039300
143476 0.000000000000
594039 0.000000000000
20601 0.002926320797
20602 0.001915905439
1118332 0.002136216224
372862 0.001395591544
594047 0.000371563317
643199 0.000000546064
45188 0.001704263227
45189 0.003524474038
307336 0.002033164545
1118347 0.000000000000
348305 0.000000000000
446610 0.000000000000
643221 0.005993483246
782486 0.002214817052
12439 0.002767478070
159897 0.000331514583
151708 0.000307024765
45212 0.001013266568
241821 0.000000000000
643239 0.000033017404
397488 0.000121907094
4274 0.000743611900
28851 0.000445180433
1118388 0.000953974681
299195 0.000762341191
299197 0.022596453739
1110209 0.001650024896
594119 0.000000000000
94416 0.000000000000
258259 0.000000000000
561364 0.000016113949
192734 0.003340371197
610529 0.000000000000
4329 0.005247302254
4330 0.096030240839
4335 0.006591792355
1110256 0.003273251469
86258 0.000000000000
430329 0.000921074295
1061127 0.000000000000
12558 0.000000000000
1134865 0.000159859401
348437 0.002278018926
397590 0.000111940610
520471 0.000307024765
28957 0.012989225880
12576 0.009232361292
28964 0.000614595594
135464 0.000454317745
626999 0.000018470923
143676 0.000000000000
340299 0.002575301056
627024 0.001604547642
708945 0.002679005532
192850 0.000013561697
1118546 0.000000000000
684372 0.001427707194
20821 0.000186658908
86359 0.002017198617
12631 0.002257640905
12638 0.004784584647
733534 0.001031212105
20833 0.000446771040
192870 0.000000136516
20850 0.000876695471
1110390 0.001229642078
20857 0.000171719936
733576 0.000000000000
168332 0.000000000000
315789 0.000000682581
1110426 0.004360495013
643485 0.000064921989
561568 0.000000000000
1110438 0.007897377680
561581 0.000461492760
561582 0.000000000000
94639 0.000243504526
94641 0.002310891648
20920 0.001548190358
143801 0.000000000000
561593 0.000000000000
20923 0.000627428110
20924 0.006078190173
561595 0.000154058447
1118658 0.000031785746
307656 0.000627155078
4553 0.000000000000
561610 0.000000000000
561611 0.000000000000
561613 0.000000000000
20942 0.000900803837
594387 0.001059502994
168410 0.014455733682
45533 0.000754241221
1110494 0.000000000000
102879 0.000000000000
102884 0.000159863054
4584 0.024984416678
1135082 0.002205969401
20972 0.000307297797
430574 0.000000000000
1110515 0.001967903139
684531 0.000000000000
1110520 0.000000000000
709113 0.000002730322
94713 0.010809193236
1110531 0.001396709605
1135108 0.002220697892
561674 0.000321768506
1135115 0.000627155078
643597 0.001318047577
1110546 0.000947764714
1135122 0.000463963398
1135125 0.004821149388
102938 0.000000000000
102939 0.000000000000
1102364 0.000001638193
4637 0.000175886722
45599 0.000311237785
1135137 0.002369358236
1110563 0.000684985101
45603 0.000040850616
45605 0.002969971093
4649 0.004012872875
1118764 0.007441389388
1110579 0.001054144714
4660 0.003254405639
594483 0.000000000000
1102400 0.000918662186
1102407 0.000000000000
594511 0.000019519653
389715 0.000060124466
135765 0.000000000000
184918 0.000205304135
135766 0.000000000000
1110628 0.000000000000
1118823 0.000959642857
1102442 0.000425403881
37483 0.005261690889
594543 0.001434203706
643695 0.001005712891
135798 0.000000000000
430711 0.000000273032
561789 0.000320949410
1118848 0.000230526388
70281 0.000245311730
561809 0.003781564917
12946 0.002626346313
643734 0.000307297797
643735 0.000000000000
152219 0.003208944762
12960 0.000948300930
152226 0.000415045614
152227 0.000866258573
37541 0.002242156596
78508 0.000000000000
78511 0.002660651566
53942 0.000000000000
643777 0.000000000000
4804 0.014016121982
250566 0.000000000000
1102548 0.000000000000
78549 0.000613230433
1102550 0.005910815528
78552 0.000128166525
594649 0.004039016165
78555 0.000000000000
78557 0.000455735779
13024 0.000000546064
1102567 0.000320403345
94953 0.000000000000
365294 0.000000000000
1110768 0.000000000000
1135345 0.000000000000
447224 0.000002839565
267003 0.000625118890
217852 0.001595360578
1135358 0.001068960390
578306 0.000000068258
578309 0.000000273032
1135368 0.000000000000
529165 0.000000000000
4878 0.000000000000
447250 0.002893667226
1119004 0.000000000000
1102625 0.002968258867
578337 0.000459976285
308003 0.000684407375
70441 0.002862142386
70442 0.000743885137
578347 0.000000364043
70444 0.004429203896
29492 0.005126652253
1102646 0.000727095826
86840 0.003121767009
578365 0.000000000000
62274 0.001249282377
193347 0.000001251398
193352 0.000004254753
193354 0.000000000000
13136 0.000252203475
144212 0.000487709049
1135455 0.000000000000
1119078 0.000709313372
545647 0.000000000000
54129 0.006601124029
54131 0.005698081463
54132 0.002580942466
4983 0.000000000000
70520 0.000000000000
62329 0.002396887265
62333 0.000000000000
217984 0.000000000000
119686 0.000094919633
13193 0.000683658850
62347 0.000307024765
13195 0.000609973274
86923 0.000000819097
709518 0.000000000000
562067 0.001586453887
13205 0.000000000000
693143 0.000320539861
13208 0.000038382024
13212 0.004904812499
13213 0.000341988255
1102751 0.001298964563
119712 0.000000000000
152483 0.000310819789
1119140 0.004546266653
1110947 0.005010579822
1110950 0.000000000000
1102761 0.002456235735
684972 0.000160133414
5038 0.003752465418
62389 0.000307024765
824245 0.000000000000
684986 0.000130623732
5055 0.003629146675
160705 0.001709575713
127940 0.000614868626
5062 0.004310170124
5064 0.002857670941
1102794 0.000000000000
562123 0.000000000000
1119180 0.000000000000
5069 0.000561619278
242637 0.000307024765
144330 0.000204379823
1119178 0.000000000000
463825 0.003527015437
62417 0.000780394428
5075 0.001484191105
594900 0.000320403345
119761 0.000853546275
1110998 0.004758910760
13269 0.000947773498
95188 0.000590304984
177115 0.000000000000
160732 0.000320676377
5086 0.003073689991
95198 0.000000000000
521183 0.000021278566
1135589 0.000106186555
242663 0.001005498163
1119211 0.000000000000
1119216 0.000000379970
521207 0.000044302083
37879 0.000000000000
95225 0.000008398473
37884 0.001114837409
644093 0.004241326100
168958 0.000321222442
46079 0.000307434313
37888 0.001383707644
1102850 0.000000000000
1127430 0.000144585510
103430 0.000323816248
308232 0.001762344663
1111052 0.000898329240
29708 0.000035549370
144408 0.006688411977
1102873 0.000000000000
29723 0.001067419546
521251 0.000397212675
521252 0.000026673258
300071 0.001979587706
29738 0.000000000000
521269 0.000307161281
259126 0.000131428921
103482 0.004012866787
111676 0.000000000000
1119295 0.008658149796
5194 0.000971598912
1152075 0.000301324012
578645 0.001935720259
578646 0.001029781993
578649 0.000494087521
578650 0.000332667871
103515 0.003113762432
431206 0.000305614098
103528 0.000148743908
103529 0.000058817199
1127530 0.000802935554
103531 0.001320628707
578669 0.000001832933
37998 0.000000000000
595056 0.005022344952
38000 0.000641151914
103537 0.005946506885
1127541 0.000000000000
103543 0.005952934171
595063 0.000339851333
1127551 0.000000000000
1135746 0.003339519362
1135750 0.005063854503
1127558 0.002545206632
1127566 0.001600378532
1152143 0.003272339754
62607 0.000000000000
78994 0.000308708464
1111186 0.000160133414
119956 0.000246481948
1152150 0.003988482970
111770 0.000000000000
152731 0.000725682098
1152162 0.002054714800
513189 0.000731753252
1103016 0.000001365161
62634 0.000010485032
1152179 0.000000000000
1103031 0.000001419768
1111230 0.000290719468
1103038 0.001371015163
1152194 0.002096853383
636098 0.004042916117
341188 0.000402846172
1127619 0.000480637426
734406 0.000000000000
1111240 0.002992557975
128202 0.000000000000
95435 0.000793541061
128203 0.000307024765
120013 0.000654246750
193742 0.000124048522
62676 0.000000682581
595157 0.000182983299
578780 0.003590003095
1111265 0.000000000000
5348 0.005745479666
120039 0.000843274315
1127657 0.000000000000
644334 0.000328279085
1119471 0.002055215458
1152244 0.002467846007
595193 0.000075394771
111866 0.000003658656
62718 0.000009119215
1152259 0.000153785415
1111304 0.005711436806
644361 0.000000000000
644363 0.000000000000
1152272 0.002054714800
1119505 0.000627155078
120084 0.001830010185
1152277 0.002252037840
54550 0.000903606793
1135894 0.001228729498
1135899 0.000320928932
578845 0.000947819506
1152290 0.001462550033
144679 0.000629878707
218410 0.000627155078
308529 0.000321529855
1152307 0.000653174364
1152308 0.001035867723
1103162 0.001320630566
70970 0.001370058461
38205 0.004365842777
144701 0.002147643279
169279 0.000000573368
169280 0.000000163819
87363 0.000141876534
644427 0.000000113763
5454 0.000295042425
578898 0.000000000000
1135955 0.000000000000
13652 0.000000136516
5462 0.000116345554
13654 0.000003436739
13656 0.000637813628
644441 0.000830900827
13658 0.004618327838
95579 0.001350291096
46431 0.021921953232
644448 0.002488277010
95586 0.001414519383
95588 0.000000000000
95589 0.005563323877
1152358 0.000445184096
95594 0.000281248002
95597 0.000000000000
46452 0.000000409548
13686 0.012232055828
284023 0.000858434127
644470 0.000802835965
87417 0.001921737490
284025 0.002429197427
1152379 0.000000000000
193918 0.000000000000
128383 0.000000000000
1127810 0.000000000000
46468 0.000485684329
210309 0.000125834544
46470 0.000000000000
1119623 0.000000409548
1127812 0.002566503756
1152394 0.000000000000
193931 0.001541160264
46476 0.000000000000
193932 0.000599971264
226698 0.000627155078
644494 0.000002386343
13717 0.001694790764
95642 0.000627155078
46491 0.006756949601
46500 0.000000000000
1152421 0.000578725939
46501 0.000057282061
1119654 0.000000000000
1136040 0.000000000000
1127851 0.003171794711
1152436 0.000000000000
292277 0.000000000000
1119671 0.000000000000
1127863 0.000012084195
87482 0.000000068258
579008 0.001874496062
1152448 0.000653174364
161221 0.001278001949
46536 0.000000000000
1103315 0.003426567740
46547 0.000523449013
136665 0.000000000000
1119708 0.000941227193
5600 0.005270398235
644577 0.000033049874
112099 0.000000000000
1153896 0.000306751733
95718 0.000000546064
95719 0.000058498183
153063 0.004054101158
1127913 0.001130894696
1152490 0.000160556864
1136110 0.000000000000
1152508 0.000000000000
1119742 0.000000000000
1119751 0.001360128439
1103383 0.000075394771
128540 0.000000000000
1103394 0.000451526955
579108 0.000000000000
390693 0.000000000000
423463 0.000000091011
218666 0.000000000000
267824 0.000035320184
1152564 0.002578345395
1152569 0.000000000000
218682 0.000096497127
54844 0.000307024765
13885 0.003839465215
1111614 0.000000000000
136766 0.001571217159
136768 0.000000000000
136767 0.000000000000
243274 0.000000000000
38480 0.000362240484
636500 0.000131025893
13917 0.000756777052
636511 0.003038681031
259701 0.000000000000
259702 0.000328852689
1152633 0.001500526430
521855 0.000611386771
13960 0.021122685178
38537 0.014512978913
1103499 0.000000000000
13966 0.000000000000
13972 0.000641352755
1152663 0.000000000000
964248 0.000956601243
13982 0.000000000000
1152673 0.002252037840
1152676 0.000065275360
71336 0.000000000000
194223 0.001332382082
1111733 0.000000000000
1136310 0.000000000000
308920 0.000665695959
259772 0.000000000000
325314 0.000000000000
1152711 0.000000273032
1152714 0.000960815042
22229 0.003342953566
1136342 0.000000000000
1128151 0.000000000000
22241 0.000021727374
1152740 0.002511825116
390889 0.006576228135
628458 0.000000000000
628459 0.000000000000
1111788 0.000968773255
5869 0.000800760251
14062 0.000461848187
145134 0.000613776497
390896 0.002340466392
390894 0.000007701735
644843 0.000613776497
1119987 0.001307810982
1152761 0.000231905294
112378 0.001426766011
1103610 0.001253764091
562940 0.000000409548
284414 0.001711244403
14083 0.000001092129
300806 0.002756363622
1128198 0.000347875653
1136393 0.000570980823
390922 0.002441099302
14090 0.000001092129
1128204 0.001517799657
1136397 0.004680544652
1128201 0.000000000000
1128208 0.000000000000
1120019 0.000000000000
628500 0.000320437474
1120020 0.001412171187
767763 0.000004780356
145176 0.002434048214
202520 0.000373007921
202522 0.000000000000
243483 0.000332653320
1128227 0.001685516032
1136422 0.000299139598
46887 0.000978730153
751408 0.000101405478
1120049 0.007974406224
481073 0.000000000000
1152821 0.000000000000
1136442 0.000000000000
1120059 0.000054395919
1103676 0.003530230895
1136446 0.000468103413
145215 0.000176404199
1128256 0.000627155078
1136447 0.000371179138
38722 0.009256087020
1136449 0.000014133750
399173 0.000000000000
5959 0.001143083976
177993 0.000001540357
1128267 0.000740752786
5966 0.008243706807
177998 0.000649389594
1095507 0.001039511556
1120084 0.000001266443
1152858 0.000000000000
1111899 0.004710944096
1152859 0.000000000000
1128291 0.000330634398
227178 0.002133324081
87915 0.001480153331
251756 0.001221697062
22386 0.002403047961
38771 0.000000000000
1103737 0.009405236535
1128314 0.001184856693
325497 0.000000000000
1128319 0.000389579829
1152896 0.010648585353
1152904 0.002054714800
423816 0.000000000000
1120138 0.001013932510
1152910 0.000000000000
202639 0.009829210748
1152917 0.000460299945
645016 0.000307434313
22431 0.000391352889
145315 0.000000000000
1120169 0.001462550033
1120170 0.000140843368
1111978 0.000523825994
137130 0.000001842968
38829 0.002540522170
604073 0.000000000000
1152944 0.000001222578
1128369 0.000075394771
948147 0.001653247828
645046 0.000000500559
210871 0.006881526931
38839 0.000000000000
210872 0.000910949212
628667 0.000000000000
628668 0.000560132121
38845 0.000785741446
38846 0.000000455054
686015 0.000424456504
1152958 0.000219213088
79809 0.006512883682
1152959 0.000000000000
1120197 0.000294079850
79817 0.000161749816
415693 0.000168305299
686030 0.000055752299
1152975 0.000653174364
612306 0.000000000000
1120211 0.000359287549
227286 0.001855523574
1128407 0.001117122913
1112026 0.000000000000
645084 0.001721622319
1152991 0.000153785415
645088 0.000000000000
145384 0.000281248002
1128425 0.001725308690
399339 0.000065775851
1153003 0.008422671225
6125 0.002412745688
1128430 0.000607842690
686061 0.002687073693
120817 0.001253764091
6130 0.001203870288
63477 0.000860432679
1153014 0.000627155078
1128437 0.000307434313
1136631 0.000000682581
1136634 0.000000000000
1120252 0.000000000000
153598 0.000027383836
63486 0.002994394305
1153024 0.000321267947
1128453 0.001742335896
6151 0.000655841437
6152 0.000031941166
1153031 0.000000000000
399370 0.000307570829
6155 0.000088952454
1112075 0.000458374566
899085 0.000000000000
1112071 0.000000273032
628751 0.000150776865
129042 0.000463778377
6163 0.001560432277
129045 0.000207338111
6169 0.001713792831
6170 0.000287623537
260121 0.000000000000
628764 0.000661625434
628766 0.000000000000
1153056 0.000229154434
178209 0.001215790591
22563 0.016295040241
1112099 0.001478395556
22564 0.000000000000
22566 0.000000000000
6184 0.016702762231
1153065 0.000144197063
1153064 0.000391126814
1112106 0.000000000000
899119 0.000000409548
194609 0.003588987288
6196 0.001430326157
71736 0.000000136516
194617 0.001337529855
63549 0.000211568296
6209 0.011431079532
6210 0.000145669625
1153091 0.000626745529
6213 0.076658474772
6214 0.045123964116
735303 0.000307024765
6215 0.000255405678
6216 0.000633808007
1153097 0.000323201926
948299 0.005420840637
6220 0.000394310073
1153101 0.001562639479
6217 0.000645848698
96335 0.004849415519
628815 0.000000000000
6224 0.001020879593
1153106 0.000000000000
1128531 0.000480468501
219218 0.000000000000
194645 0.000355557265
735311 0.000000000000
1103960 0.023329299623
1128536 0.000308797134
14428 0.000000491458
14429 0.000001799738
6238 0.001880646136
14431 0.000000147892
14430 0.000001060275
1103969 0.000000930585
1128542 0.000000000000
30817 0.004127724799
522338 0.000000409548
219239 0.001915594699
1103979 0.001438564473
55403 0.000000000000
596075 0.000000000000
350319 0.000009098683
1103985 0.000144197063
1153148 0.005207244286
1153150 0.001562639479
653441 0.000615922109
1112194 0.000000546064
1104007 0.002398363482
1153160 0.002042600832
1153166 0.000048697148
137359 0.001623037694
1153169 0.000000000000
112787 0.000155466818
235670 0.000000910107
1136791 0.000835479088
628888 0.000204311573
350362 0.001910546250
235678 0.000000591570
1153183 0.003468236203
1104031 0.000000000000
235679 0.000001956731
235683 0.000000159269
137380 0.000533824480
350373 0.000000000000
6311 0.000918521054
1153195 0.000421766479
112813 0.000000000000
1136814 0.000289869849
1120431 0.011812109864
30895 0.007504032549
6318 0.003860906114
30901 0.004255977047
1104055 0.003044503090
1120444 0.003511313830
6334 0.018013962541
14529 0.001996922412
14531 0.001084088342
6343 0.002163667015
6344 0.000627155078
6346 0.000736851020
14545 0.000320539861
39124 0.005423196932
989397 0.002761935705
39126 0.003691259677
14549 0.000485842859
30934 0.000000000000
39127 0.007624550425
39130 0.000759343067
39131 0.001921443968
71904 0.000000000000
309476 0.000160141523
1153254 0.000000000000
6378 0.001347647264
1153262 0.007908545967
1153264 0.000304533604
6385 0.000788286233
1153275 0.000682798945
30973 0.000034946562
39165 0.001465584722
1112319 0.001427825713
1153280 0.000578725939
235776 0.000957140230
1153287 0.000036709356
129287 0.000307024765
162075 0.000321768506
39199 0.000823374607
162080 0.001925969490
88356 0.003703490777
39210 0.000182969759
1112369 0.000320403345
22835 0.000519007409
1120563 0.011340842065
1104182 0.000408146796
219446 0.003342100239
653628 0.000000000000
1104191 0.000000000000
31043 0.002284242111
63812 0.001522532498
334153 0.000825247636
645452 0.000000000000
31055 0.000000000000
22869 0.000344808459
63832 0.000137902132
22874 0.000761206971
22875 0.002928335285
22876 0.002377098671
63835 0.000916326528
1112417 0.000000000000
170338 0.004397499429
22883 0.000181150443
22886 0.000189051532
1112426 0.003240217614
31083 0.000627155078
72056 0.000073805504
31097 0.000000000000
31105 0.000004765415
1104258 0.001099117719
1120643 0.002471755050
1104261 0.000000000000
1128839 0.007468850810
104840 0.005007664694
1120650 0.001006969995
6539 0.000522063697
1128846 0.000000000000
801170 0.002062739241
1128853 0.000000000000
293271 0.000102312145
1128856 0.000850126960
563613 0.000000000000
1128868 0.004029032288
72101 0.000307024765
293285 0.000332110139
154023 0.000000136516
63915 0.001152047566
1104300 0.001113903321
1128881 0.000000000000
63931 0.000912853559
154047 0.000000136516
645571 0.000928446976
686532 0.000640533658
1120713 0.000314559697
47570 0.000181996059
358866 0.001071503006
14807 0.002765793200
55770 0.000003458408
1120731 0.001272301451
686559 0.000000000000
1128927 0.000000000000
358884 0.000134087513
694759 0.000144197063
211432 0.000477372142
1128935 0.001963529306
358887 0.000998865365
39403 0.000044474679
358894 0.002226724497
6639 0.000646350445
440815 0.000914795364
1128945 0.000000000000
1128946 0.000360437288
1128943 0.000479654418
1137140 0.000000000000
55801 0.000000136516
1104379 0.002362794160
1112574 0.000505296814
1128959 0.000933312022
1120777 0.001201444491
1128974 0.002628493296
1128975 0.000339851333
1128977 0.000628256992
1120786 0.000000000000
1128978 0.000479654418
129558 0.001535893587
154134 0.001397473214
1128982 0.000327623402
1128985 0.003286306068
23069 0.000642513142
23070 0.002004352498
1128990 0.000000546064
178718 0.000000614323
1128997 0.000065168124
178727 0.000211932702
1153577 0.002773859246
39474 0.000001179889
1104435 0.000000000000
1129015 0.001594712762
1129018 0.000891452076
1129021 0.000000000000
137790 0.000620616253
1104449 0.006131054692
47682 0.001637880756
1129027 0.000144585510
47684 0.002419286134
47683 0.000000000000
907845 0.000000000000
1112650 0.000000000000
23116 0.003298220864
96845 0.001273078246
195150 0.000022025024
96847 0.000307024765
1129040 0.000000000000
96851 0.000007805255
6741 0.007125180554
1112665 0.000000000000
1120858 0.003450946868
424540 0.006416257869
105057 0.001566827988
1120866 0.000000000000
31336 0.000000136516
80491 0.000000000000
948846 0.000000000000
6767 0.009489664581
1120880 0.000000000000
1112686 0.001276957762
1104495 0.000000000000
6771 0.000526860949
817774 0.000000000000
31349 0.000000000000
6775 0.000109103783
318071 0.000000000000
137849 0.000364590491
31353 0.014002887858
6782 0.000244277287
6784 0.000528577251
6786 0.000088869000
80515 0.000000045505
1129096 0.000116566789
137868 0.024000754407
137873 0.014194967040
1129106 0.000000000000
1112723 0.001621545705
1129111 0.000000000000
359067 0.000498827392
6814 0.003693404778
55968 0.000251414169
6818 0.003595796852
1153703 0.000653174364
1153724 0.000048697148
1112767 0.001253764091
1153728 0.002361232103
1120962 0.007014257366
416455 0.000429714713
1153736 0.000000000000
367312 0.000000409548
72406 0.000000000000
23258 0.002946364657
47839 0.000000000000
137956 0.000000819097
15076 0.003085937815
662250 0.000000000000
318187 0.000000000000
645870 0.000060440309
6898 0.000779802858
31479 0.000674040843
1129208 0.004016017006
1153784 0.000000045505
1153786 0.000000000000
31483 0.000173045405
6910 0.009546467175
6913 0.015772482075
31489 0.004422958295
523010 0.002485774003
6917 0.001624167878
1104647 0.001699527680
662279 0.000000000000
645897 0.001129694622
6923 0.004240477239
6925 0.003080385997
277263 0.001667218568
64271 0.005283249611
80656 0.000000000000
342802 0.000000000000
1153811 0.001867116308
6935 0.003067071313
1153816 0.000309759101
1129243 0.001025228637
6939 0.000614049530
6941 0.000698890250
195361 0.000000000000
1121057 0.001558095811
1121063 0.000153307608
252715 0.000000000000
170798 0.000975484258
56112 0.000083853212
56115 0.001039236998
252725 0.000000000000
375605 0.000000000000
56119 0.000569944954
1137466 0.000000000000
1153853 0.004928531628
64319 0.000000000000
1153860 0.000231905294
1153861 0.000160556864
219976 0.000000000000
1153866 0.000160065156
1112911 0.007794517669
1153877 0.000000000000
1153879 0.000000000000
1063773 0.000000000000
654177 0.000106941191
1112929 0.004824790213
1153891 0.008039224270
1153889 0.000000000000
56167 0.001818972353
129896 0.000086337611
129897 0.009098570911
162664 0.004246714876
1153897 0.003158813403
711527 0.000148304466
1071981 0.000000000000
7022 0.000000000000
1104749 0.000000000000
1153899 0.000684558003
1153900 0.000022684961
260979 0.000013218463
7032 0.002007883558
990075 0.000000000000
187260 0.000000000000
203646 0.000108835049
7041 0.000000000000
1104769 0.000000000000
1153922 0.001300948798
7047 0.002313115688
1153933 0.007225132121
662416 0.000154860592
1104787 0.001476783391
531348 0.000000000000
1153942 0.000004923615
1153943 0.005592039366
23448 0.001204340212
1153945 0.000540694866
1121176 0.000000000000
531351 0.000000000000
1129367 0.001879827040
1129368 0.000000000000
1129369 0.000000000000
1153946 0.000000000000
211875 0.000856847827
1104809 0.000001160387
711598 0.000000000000
261040 0.004236475495
121792 0.000000000000
211906 0.000000000000
48066 0.000000000000
1113035 0.000567288474
48075 0.000320403345
23502 0.000659202977
39890 0.022382639124
23507 0.005009689781
1104851 0.002096605233
187354 0.003169920179
1154012 0.000000409548
39904 0.000695207590
949217 0.007413003899
1129442 0.000320130313
1129443 0.000000000000
64484 0.000000000000
400356 0.000027609887
1121254 0.001227322300
285675 0.001337530371
179180 0.000672970235
621555 0.000000000000
695284 0.001267415703
654326 0.000614049530
285687 0.000000000000
1022969 0.000184019242
23546 0.000000000000
1154042 0.000109453180
23545 0.000000000000
1113084 0.000000000000
654339 0.000000000000
64519 0.002651603228
375825 0.000000273032
1154068 0.011864152226
1129494 0.000000000000
1154071 0.000000000000
31769 0.000614186046
1154074 0.000000000000
1154076 0.000787379408
613409 0.000000000000
1121313 0.000000068258
662572 0.000000273032
752684 0.000000000000
1129518 0.000487552289
1104946 0.000000000000
646195 0.006756355010
1154103 0.001045274390
15429 0.010781661426
949318 0.000000000000
15431 0.000000000000
400455 0.000000000000
1154123 0.000691660834
1154124 0.000691660834
293974 0.000502381453
400473 0.000000000000
1113182 0.000492157780
97377 0.000603261697
1129570 0.000123978295
416867 0.000000000000
1129572 0.001922690652
1129573 0.003310418981
72805 0.000000000000
1104999 0.000137902132
7272 0.000021557510
7276 0.000324085090
97390 0.000882796093
1105011 0.000000000000
1121398 0.000000000000
31863 0.000072637641
1154169 0.001934114996
1154173 0.000000000000
1154176 0.000197126496
7297 0.001568099420
7296 0.000000000000
523394 0.000202772684
212097 0.000000000000
1129608 0.003723580977
1105033 0.000856885240
1129610 0.001018249441
212107 0.000000000000
646286 0.012656503535
294030 0.002803667455
646289 0.000000000000
1129621 0.001024865566
1129629 0.000791289381
1105062 0.000000000000
1121459 0.000786001223
1154229 0.000499683374
1154230 0.000000000000
31927 0.000398239223
1154232 0.009198362066
1154233 0.003497541982
23738 0.015976720379
654519 0.000000000000
31932 0.000679731122
40124 0.000996843316
40125 0.000761635926
646334 0.000000000000
335042 0.000554873382
40131 0.000685715915
416964 0.000000000000
40135 0.000713019140
1154251 0.002252037840
72908 0.000566624774
195792 0.005104431689
1129683 0.005459408131
646357 0.000000000000
40151 0.004761503212
236759 0.000003050347
171225 0.000493653851
1105116 0.000627155078
89308 0.000611339864
23774 0.000173233567
1154276 0.000438846624
892139 0.000749398426
294126 0.000000000000
89335 0.000000000000
417017 0.007543881767
466170 0.000000000000
7419 0.002758201052
1105148 0.000786672497
1121537 0.000627155078
310530 0.000002985971
294145 0.000000000000
220420 0.000000000000
7430 0.000323572307
949511 0.001934114996
7432 0.000022727649
646412 0.000000000000
785678 0.000000000000
1031453 0.000982813812
1121569 0.004824070305
646440 0.000000000000
687401 0.000000000000
449841 0.000307024765
1129778 0.002553140798
408885 0.000000000000
15670 0.000307024765
523574 0.000000523312
711994 0.000000000000
1121603 0.000645584755
1105221 0.000101948155
1129798 0.000000000000
89416 0.002568232352
671052 0.000000273032
1105231 0.000627155078
32083 0.012415471323
1113438 0.007246343632
294239 0.000626097078
154982 0.005285237439
1138027 0.000000273032
7532 0.001613597843
97645 0.000000000000
1129835 0.000007440129
7537 0.000970015325
1113459 0.002877025968
1138043 0.001253764091
1121659 0.000000000000
310653 0.000000000000
884094 0.000320858399
105856 0.001183703381
56708 0.000000000000
56709 0.001178102555
105865 0.000404824298
753047 0.001402685832
1154459 0.000578725939
73119 0.000000000000
163235 0.000000000000
48550 0.002870540517
105899 0.001153831580
1138091 0.000000000000
48555 0.006734203924
753070 0.000092335642
384428 0.000000000000
1129907 0.000320403345
73146 0.002846176608
1113534 0.000000000000
1105344 0.003125643263
1154500 0.000000000000
1113541 0.000000000000
81350 0.000511338918
73162 0.002784495421
89547 0.004416726944
1121739 0.000000000000
1113551 0.000355938921
1105360 0.000000000000
703953 0.000000000000
302545 0.000000000000
310742 0.001890847436
1154520 0.000000000000
1154524 0.000000386796
1154525 0.000013242064
24043 0.000689383046
1105394 0.000320403345
179702 0.005459006802
179706 0.000000000000
32260 0.000320403345
1129994 0.003946466359
114189 0.000483787213
1113614 0.001002495245
15889 0.006423102797
1105428 0.000772117376
15892 0.000627155078
32276 0.001335705735
155158 0.000000000000
1105433 0.000973564626
65057 0.000967967583
671269 0.001457247189
245288 0.000000000000
1105450 0.001942607450
65074 0.012891881444
671293 0.000123382969
1121867 0.001841575770
1130069 0.000000000000
360028 0.000000000000
1130080 0.000000000000
1105505 0.002172690749
97892 0.013052189743
73323 0.000458371706
73327 0.003305690322
15984 0.006083410606
753265 0.001678291254
753264 0.000000000000
15987 0.001086081478
1105530 0.000320403345
1105531 0.004072558966
48764 0.000040850616
48766 0.002276329334
228990 0.000000000000
48768 0.000000000000
228992 0.000000000000
114308 0.000248992526
40583 0.000334618937
16008 0.016778938018
1113739 0.002418719059
155277 0.000000000000
48781 0.000615153837
1113742 0.001939398157
646809 0.000690825041
40605 0.000840386810
1105574 0.001046092172
409255 0.000000000000
646836 0.000014185782
646837 0.000253976873
7867 0.000000409548
65212 0.000023230779
1105603 0.000546969862
458439 0.000000000000
1105622 0.000000000000
1113828 0.000000000000
1113831 0.001486878058
646900 0.000609907775
1113852 0.000920255198
646913 0.000199906013
1130243 0.000000000000
270085 0.000000000000
1105672 0.001289220325
57119 0.002883476192
1105698 0.000000000000
286500 0.013833268351
950052 0.000476335624
212777 0.004320723287
368431 0.000320002084
286513 0.000123398021
81714 0.000146591252
1105718 0.000833225000
81722 0.000576902762
237376 0.000000000000
253762 0.000000000000
1113926 0.000627155078
1113934 0.013145909736
286562 0.000000000000
1105764 0.002632167106
1130356 0.000000000000
335733 0.000149830164
278394 0.000000000000
376704 0.000000000000
278403 0.000000000000
1113995 0.005036274333
8079 0.003908004692
1105810 0.000573814258
24476 0.000322860635
188318 0.000000000000
32688 0.000001050915
237489 0.000075098905
171954 0.004520895348
737204 0.000000000000
40886 0.000274589964
32698 0.000019008015
1138619 0.000000000000
212930 0.004843264662
237521 0.003675063869
24530 0.000000000000
1105877 0.000000546064
1130454 0.000000136516
40922 0.000000000000
180187 0.000006279742
262108 0.000000000000
368605 0.000397998724
1105887 0.000299312519
131042 0.000410680110
262121 0.000000000000
73712 0.000000000000
917493 0.000000000000
